$coord
    3.88601392240471     -0.31261739416327      0.75073150081148      c
    1.30183233294492      3.83338504960384     -1.22484489029116      c
    5.17919130966101      1.93370005999789      0.23683937623456      c
    3.88780916223095      4.00209979874787     -0.75619280933552      c
   -6.79160013254569      1.95036744448994      0.08671953223812      c
    1.28006268789408     -0.51980696737285      0.28529195428175      c
    0.00517784960411      1.59179191077489     -0.67816601730867      c
    1.19606436128731     -4.80984433698851      1.76424831766204      o
   -3.33445955599938      2.70707047988134      2.95876310352038      o
   -2.36015455640619     -3.18250667765404      0.24519196574191      o
    0.09973974529370     -3.00241577719004      0.84958307482273      c
   -4.06667174070858      2.13238586560949      0.84117379353139      c
   -2.57318338336639      1.56529795039184     -1.24391222697197      o
   -2.79021842972831     -4.91538554151018      0.74137735645370      h
    4.93120254924243     -1.91189262042439      1.51714772852591      h
    0.29683818095368      5.44743793422413     -1.99976488560357      h
    7.19564247701797      2.06218253977279      0.61159096564711      h
    4.89522216367229      5.74629812213999     -1.16038633189843      h
   -7.21195081354477      0.03872048846283     -0.57234135386707      h
   -7.98371496621527      2.35442868622355      1.72796557591063      h
   -7.20545015564764      3.33680281640415     -1.38577396776770      h
$redundant
     number_of_atoms            21
     degrees_of_freedom         57
     internal_coordinates       57
     frozen_coordinates          0
# definitions of redundant internals
   1 k  1.0000000000000 stre   11    8           val=   2.30333
   2 k  0.7071081024004 bend   10    8   11      val=  -2.51223
       -0.7071054599702 bend    6    8   11
   3 k  1.0000000000000 outp    8    6   10   11 val=  -0.62878
   4 k  1.0000000000000 stre   12    9           val=   2.31313
   5 k  0.7071082421187 bend   13    9   12      val=   1.27539
       -0.7071053202514 bend    5    9   12
   6 k  1.0000000000000 outp    9    5   13   12 val=  -0.35220
   7 k  1.0000000000000 tors   14   10   11    6 val= 179.86293
   8 k  1.0000000000000 stre   10   14           val=   1.85311
   9 k  1.0000000000000 bend   11   14   10      val= 103.14379
  10 k  1.0000000000000 stre    1   15           val=   2.05852
  11 k -0.7071067647457 bend    3   15    1      val=   0.61185
        0.7071067976274 bend    6   15    1
  12 k  1.0000000000000 outp   15    6    3    1 val=   0.12599
  13 k  1.0000000000000 stre    2   16           val=   2.05321
  14 k -0.7071067665366 bend    4   16    2      val=   0.21533
        0.7071067958365 bend    7   16    2
  15 k  1.0000000000000 outp   16    7    4    2 val=   0.40930
  16 k  1.0000000000000 stre    3   17           val=   2.05500
  17 k  0.7071067838132 bend    4   17    3      val=   0.10077
       -0.7071067785599 bend    1   17    3
  18 k  1.0000000000000 outp   17    1    4    3 val=   0.06913
  19 k  1.0000000000000 stre    4   18           val=   2.05438
  20 k  0.7071067812312 bend    3   18    4      val=  -0.00748
       -0.7071067811419 bend    2   18    4
  21 k  1.0000000000000 outp   18    2    3    4 val=   0.13023
  22 k  1.0000000000000 tors   21    5   12   13 val=  58.85147
        1.0000000000000 tors   19    5   12   13
        1.0000000000000 tors   20    5   12   13
  23 k  1.0000000000000 stre    5   21           val=   2.06439
  24 k  1.0000000000000 stre    5   19           val=   2.06530
  25 k  1.0000000000000 stre    5   20           val=   2.06835
  26 k  0.4655583213350 bend   19   21    5      val=   0.20505
        0.3815796115880 bend   20   21    5
        0.3781953026753 bend   20   19    5
       -0.3946380918568 bend   12   21    5
       -0.3951494027280 bend   12   19    5
       -0.4274792257758 bend   12   20    5
  27 k -0.6632534368861 bend   19   21    5      val=   0.58146
        0.4019502651262 bend   20   21    5
        0.3655485103876 bend   20   19    5
       -0.2241818074383 bend   12   21    5
       -0.2449544604497 bend   12   19    5
        0.3932492579734 bend   12   20    5
  28 k -0.0191641668004 bend   19   21    5      val=   0.02034
       -0.6219702160584 bend   20   21    5
        0.6474633155954 bend   20   19    5
       -0.3180565362884 bend   12   21    5
        0.3038530683068 bend   12   19    5
        0.0095075028315 bend   12   20    5
  29 k  0.4158757056955 bend   19   21    5      val=   0.84276
       -0.2198800572481 bend   20   21    5
       -0.2057529397370 bend   20   19    5
       -0.3312337845849 bend   12   21    5
       -0.3542926721529 bend   12   19    5
        0.7079030781362 bend   12   20    5
  30 k  0.0064894079610 bend   19   21    5      val=   0.10687
        0.3075799150339 bend   20   21    5
       -0.3145152189760 bend   20   19    5
       -0.6414029897124 bend   12   21    5
        0.6283468019967 bend   12   19    5
        0.0146683909516 bend   12   20    5
  31 k  1.0000000000000 tors    5   12   13    7 val= 182.41159
  32 k  1.0000000000000 stre   12    5           val=   2.83330
  33 k  1.0000000000000 bend   13    5   12      val= 108.75879
  34 k  1.0000000000000 tors   10   11    6    1 val=  93.50271
        1.0000000000000 tors   10   11    6    7
  35 k  1.0000000000000 stre   11   10           val=   2.53945
  36 k  1.0000000000000 bend    6   10   11      val= 114.98063
  37 k  1.0000000000000 stre    6   11           val=   2.80623
  38 k  0.7071084989487 bend    7   11    6      val=   4.32685
       -0.7071050634202 bend    1   11    6
  39 k  1.0000000000000 outp   11    1    7    6 val=  -0.36328
  40 k  1.0000000000000 tors   12   13    7    2 val= 175.04014
        1.0000000000000 tors   12   13    7    6
  41 k  1.0000000000000 stre   13   12           val=   2.62672
  42 k  1.0000000000000 bend    7   12   13      val= 112.52262
  43 k  1.0000000000000 stre    7   13           val=   2.63983
  44 k -0.7070620975380 bend    2   13    7      val=   3.21644
        0.7071514620116 bend    6   13    7
  45 k  1.0000000000000 outp   13    6    2    7 val=  -2.25903
  46 k  1.0000000000000 stre    1    3           val=   2.64241
  47 k  1.0000000000000 stre    3    4           val=   2.63288
  48 k  1.0000000000000 stre    4    2           val=   2.63351
  49 k  1.0000000000000 stre    2    7           val=   2.64668
  50 k  1.0000000000000 stre    7    6           val=   2.64810
  51 k  1.0000000000000 stre    6    1           val=   2.65529
  52 k -0.5000000000000 bend    1    4    3      val=   0.27949
       -0.5000000000000 bend    3    2    4
        1.0000000000000 bend    4    7    2
       -0.5000000000000 bend    2    6    7
       -0.5000000000000 bend    7    1    6
        1.0000000000000 bend    6    3    1
  53 k  0.8660254037844 bend    1    4    3      val=   0.71435
       -0.8660254037844 bend    3    2    4
        0.8660254037844 bend    2    6    7
       -0.8660254037844 bend    7    1    6
  54 k -1.0000000000000 bend    1    4    3      val=   0.57052
        1.0000000000000 bend    3    2    4
       -1.0000000000000 bend    4    7    2
        1.0000000000000 bend    2    6    7
       -1.0000000000000 bend    7    1    6
        1.0000000000000 bend    6    3    1
  55 k -0.5000000000000 tors    3    4    2    7 val=   0.71694
       -0.5000000000000 tors    4    2    7    6
        1.0000000000000 tors    2    7    6    1
       -0.5000000000000 tors    7    6    1    3
       -0.5000000000000 tors    6    1    3    4
        1.0000000000000 tors    1    3    4    2
  56 k  0.8660254037844 tors    3    4    2    7 val=   0.34582
       -0.8660254037844 tors    4    2    7    6
        0.8660254037844 tors    7    6    1    3
       -0.8660254037844 tors    6    1    3    4
  57 k -1.0000000000000 tors    3    4    2    7 val=  -0.63078
        1.0000000000000 tors    4    2    7    6
       -1.0000000000000 tors    2    7    6    1
        1.0000000000000 tors    7    6    1    3
       -1.0000000000000 tors    6    1    3    4
        1.0000000000000 tors    1    3    4    2
        57 non zero eigenvalues  of BmBt
           1          10.933730821    1    0
         1
           2           5.443386524    2    0
         2
           3           5.165684125    3    0
         3
           4           4.439637488    4    0
         4
           5           4.387940285    5    0
         5
           6           4.229190237    6    0
         6
           7           3.782630287    7    0
         7
           8           3.687016941    8    0
         8
           9           3.645892858    9    0
         9
          10           3.640506145   10    0
        10
          11           3.554873318   11    0
        11
          12           3.319551403   12    0
        12
          13           3.009175170   13    0
        13
          14           2.956115485   14    0
        14
          15           2.849633070   15    0
        15
          16           2.753785573   16    0
        16
          17           2.698546993   17    0
        17
          18           2.463160664   18    0
        18
          19           2.157393308   19    0
        19
          20           2.041994544   20    0
        20
          21           1.839355252   21    0
        21
          22           1.801000888   22    0
        22
          23           1.686691563   23    0
        23
          24           1.492514846   24    0
        24
          25           1.263483694   25    0
        25
          26           1.229623942   26    0
        26
          27           0.970589054   27    0
        27
          28           0.908724441   28    0
        28
          29           0.891329649   29    0
        29
          30           0.838383922   30    0
        30
          31           0.705513917   31    0
        31
          32           0.703959946   32    0
        32
          33           0.670088546   33    0
        33
          34           0.629723184   34    0
        34
          35           0.552858372   35    0
        35
          36           0.450782044   36    0
        36
          37           0.384884666   37    0
        37
          38           0.381398872   38    0
        38
          39           0.328824306   39    0
        39
          40           0.319690745   40    0
        40
          41           0.288605760   41    0
        41
          42           0.280443943   42    0
        42
          43           0.274178686   43    0
        43
          44           0.264787896   44    0
        44
          45           0.254033141   45    0
        45
          46           0.232610683   46    0
        46
          47           0.198129558   47    0
        47
          48           0.134881979   48    0
        48
          49           0.117177414   49    0
        49
          50           0.111424289   50    0
        50
          51           0.086874637   51    0
        51
          52           0.058798353   52    0
        52
          53           0.045799599   53    0
        53
          54           0.035628242   54    0
        54
          55           0.026241328   55    0
        55
          56           0.009993456   56    0
        56
          57           0.007323301   57    0
        57
$user-defined bonds
$end
