$coord
    3.93533262392087     -0.31473804915477      0.59415577587399  c
    1.44676924703222      3.95930306624288     -1.07450884583005  c
    5.30212546468641      1.83776977301781      0.03513139858627  c
    4.04861606644468      3.98181811343763     -0.80767667730900  c
   -6.85252912481473      1.73926991265874     -0.08011308400019  c
    1.31130010026841     -0.38060125526536      0.32964460132007  c
    0.09174200583708      1.79956490230177     -0.50421225804214  c
    1.21762507211878     -4.65533696485902      1.70092294663012  o
   -3.67272954511042      2.24395678552761      3.14798512402640  o
   -2.45321074365067     -2.88478303949698      0.66812092929715  o
    0.07880661908115     -2.80033043495400      0.96518841282983  c
   -4.25273015073823      1.97447492954685      0.96227408142127  c
   -2.49592478001645      1.90289882909409     -0.93726636099478  o
   -3.14312567524243     -4.48363497647162      1.14005425188569  h
    4.86686271009832     -1.98940247946955      1.24280861421073  h
    0.43962408541629      5.58838401227433     -1.72589906222445  h
    7.31547837939075      1.84408647495401      0.25152349730139  h
    5.08718046185494      5.66424343854657     -1.25192954249469  h
   -7.03858429260350     -0.07287656470369     -1.00641986321646  h
   -8.21496627607555      1.90092110049330      1.42534749902615  h
   -7.18026923985300      3.19251225770063     -1.47988967595968  h
$user-defined bonds
$redundant
     number_of_atoms            21
     degrees_of_freedom         57
     internal_coordinates       57
     frozen_coordinates          0
# definitions of redundant internals
   1 k  1.0000000000000 stre  11    8           val=   2.29766
   2 k  0.7071081024004 bend  10    8   11      val=  -1.74995
       -0.7071054599702 bend   6    8   11
   3 k  1.0000000000000 outp   8    6   10   11 val=  -0.44087
   4 k  1.0000000000000 stre  12    9           val=   2.27736
   5 k  0.7071082421187 bend  13    9   12      val=  -2.32070
       -0.7071053202514 bend   5    9   12
   6 k  1.0000000000000 outp   9    5   13   12 val=  -1.10369
   7 k  1.0000000000000 tors  14   10   11    6 val= 181.16604
   8 k  1.0000000000000 stre  10   14           val=   1.80417
   9 k  1.0000000000000 bend  11   14   10      val= 112.23855
  10 k  1.0000000000000 stre   1   15           val=   2.02312
  11 k -0.7071067647457 bend   3   15    1      val=  -1.33736
        0.7071067976274 bend   6   15    1
  12 k  1.0000000000000 outp  15    6    3    1 val=   0.10265
  13 k  1.0000000000000 stre   2   16           val=   2.02301
  14 k -0.7071067665366 bend   4   16    2      val=  -1.43478
        0.7071067958365 bend   7   16    2
  15 k  1.0000000000000 outp  16    7    4    2 val=  -0.19566
  16 k  1.0000000000000 stre   3   17           val=   2.02496
  17 k  0.7071067838132 bend   4   17    3      val=   0.22237
       -0.7071067785599 bend   1   17    3
  18 k  1.0000000000000 outp  17    1    4    3 val=   0.04593
  19 k  1.0000000000000 stre   4   18           val=   2.02646
  20 k  0.7071067812312 bend   3   18    4      val=   0.31806
       -0.7071067811419 bend   2   18    4
  21 k  1.0000000000000 outp  18    2    3    4 val=   0.10440
  22 k  0.5773502691896 tors  21    5   12   13 val=  63.22873
        0.5773502691896 tors  19    5   12   13
        0.5773502691896 tors  20    5   12   13
  23 k  1.0000000000000 stre   5   21           val=   2.04419
  24 k  1.0000000000000 stre   5   19           val=   2.04366
  25 k  1.0000000000000 stre   5   20           val=   2.03685
  26 k  0.4655583213350 bend  19   21    5      val=   0.15723
        0.3815796115880 bend  20   21    5
        0.3781953026753 bend  20   19    5
       -0.3946380918568 bend  12   21    5
       -0.3951494027280 bend  12   19    5
       -0.4274792257758 bend  12   20    5
  27 k -0.6632534368861 bend  19   21    5      val=   2.08402
        0.4019502651262 bend  20   21    5
        0.3655485103876 bend  20   19    5
       -0.2241818074383 bend  12   21    5
       -0.2449544604497 bend  12   19    5
        0.3932492579734 bend  12   20    5
  28 k -0.0191641668004 bend  19   21    5      val=  -0.00002
       -0.6219702160584 bend  20   21    5
        0.6474633155954 bend  20   19    5
       -0.3180565362884 bend  12   21    5
        0.3038530683068 bend  12   19    5
        0.0095075028315 bend  12   20    5
  29 k  0.4158757056955 bend  19   21    5      val=   0.25639
       -0.2198800572481 bend  20   21    5
       -0.2057529397370 bend  20   19    5
       -0.3312337845849 bend  12   21    5
       -0.3542926721529 bend  12   19    5
        0.7079030781362 bend  12   20    5
  30 k  0.0064894079610 bend  19   21    5      val=  -0.28769
        0.3075799150339 bend  20   21    5
       -0.3145152189760 bend  20   19    5
       -0.6414029897124 bend  12   21    5
        0.6283468019967 bend  12   19    5
        0.0146683909516 bend  12   20    5
  31 k  1.0000000000000 tors   5   12   13    7 val= 187.39300
  32 k  1.0000000000000 stre  12    5           val=   2.81084
  33 k  1.0000000000000 bend  13    5   12      val= 110.68927
  34 k  0.7071067811865 tors  10   11    6    1 val=  91.05134
        0.7071067811865 tors  10   11    6    7
  35 k  1.0000000000000 stre  11   10           val=   2.55078
  36 k  1.0000000000000 bend   6   10   11      val= 116.15883
  37 k  1.0000000000000 stre   6   11           val=   2.78891
  38 k  0.7071084989487 bend   7   11    6      val=   4.92836
       -0.7071050634202 bend   1   11    6
  39 k  1.0000000000000 outp  11    1    7    6 val=  -0.16308
  40 k  0.7071067811865 tors  12   13    7    2 val= 162.46784
        0.7071067811865 tors  12   13    7    6
  41 k  1.0000000000000 stre  13   12           val=   2.58839
  42 k  1.0000000000000 bend   7   12   13      val= 123.29496
  43 k  1.0000000000000 stre   7   13           val=   2.62569
  44 k -0.7070620975380 bend   2   13    7      val=   3.25436
        0.7071514620116 bend   6   13    7
  45 k  1.0000000000000 outp  13    6    2    7 val=  -2.91510
  46 k  1.0000000000000 stre   1    3           val=   2.61035
  47 k  1.0000000000000 stre   3    4           val=   2.62270
  48 k  1.0000000000000 stre   4    2           val=   2.61559
  49 k  1.0000000000000 stre   2    7           val=   2.61262
  50 k  1.0000000000000 stre   7    6           val=   2.63358
  51 k  1.0000000000000 stre   6    1           val=   2.63815
  52 k -0.2886751345948 bend   1    4    3      val=   0.51687
       -0.2886751345948 bend   3    2    4
        0.5773502691896 bend   4    7    2
       -0.2886751345948 bend   2    6    7
       -0.2886751345948 bend   7    1    6
        0.5773502691896 bend   6    3    1
  53 k  0.5000000000000 bend   1    4    3      val=   0.54429
       -0.5000000000000 bend   3    2    4
        0.5000000000000 bend   2    6    7
       -0.5000000000000 bend   7    1    6
  54 k -0.4082482904639 bend   1    4    3      val=   0.76267
        0.4082482904639 bend   3    2    4
       -0.4082482904639 bend   4    7    2
        0.4082482904639 bend   2    6    7
       -0.4082482904639 bend   7    1    6
        0.4082482904639 bend   6    3    1
  55 k -0.2886751345948 tors   3    4    2    7 val=   0.30439
       -0.2886751345948 tors   4    2    7    6
        0.5773502691896 tors   2    7    6    1
       -0.2886751345948 tors   7    6    1    3
       -0.2886751345948 tors   6    1    3    4
        0.5773502691896 tors   1    3    4    2
  56 k  0.5000000000000 tors   3    4    2    7 val=  -0.01941
       -0.5000000000000 tors   4    2    7    6
        0.5000000000000 tors   7    6    1    3
       -0.5000000000000 tors   6    1    3    4
  57 k -0.4082482904639 tors   3    4    2    7 val=  -0.16064
        0.4082482904639 tors   4    2    7    6
       -0.4082482904639 tors   2    7    6    1
        0.4082482904639 tors   7    6    1    3
       -0.4082482904639 tors   6    1    3    4
        0.4082482904639 tors   1    3    4    2
        57 non zero eigenvalues  of BmBt
           1          10.933730821    1    0
         1
           2           5.443386524    2    0
         2
           3           5.165684125    3    0
         3
           4           4.439637488    4    0
         4
           5           4.387940285    5    0
         5
           6           4.229190237    6    0
         6
           7           3.782630287    7    0
         7
           8           3.687016941    8    0
         8
           9           3.645892858    9    0
         9
          10           3.640506145   10    0
        10
          11           3.554873318   11    0
        11
          12           3.319551403   12    0
        12
          13           3.009175170   13    0
        13
          14           2.956115485   14    0
        14
          15           2.849633070   15    0
        15
          16           2.753785573   16    0
        16
          17           2.698546993   17    0
        17
          18           2.463160664   18    0
        18
          19           2.157393308   19    0
        19
          20           2.041994544   20    0
        20
          21           1.839355252   21    0
        21
          22           1.801000888   22    0
        22
          23           1.686691563   23    0
        23
          24           1.492514846   24    0
        24
          25           1.263483694   25    0
        25
          26           1.229623942   26    0
        26
          27           0.970589054   27    0
        27
          28           0.908724441   28    0
        28
          29           0.891329649   29    0
        29
          30           0.838383922   30    0
        30
          31           0.705513917   31    0
        31
          32           0.703959946   32    0
        32
          33           0.670088546   33    0
        33
          34           0.629723184   34    0
        34
          35           0.552858372   35    0
        35
          36           0.450782044   36    0
        36
          37           0.384884666   37    0
        37
          38           0.381398872   38    0
        38
          39           0.328824306   39    0
        39
          40           0.319690745   40    0
        40
          41           0.288605760   41    0
        41
          42           0.280443943   42    0
        42
          43           0.274178686   43    0
        43
          44           0.264787896   44    0
        44
          45           0.254033141   45    0
        45
          46           0.232610683   46    0
        46
          47           0.198129558   47    0
        47
          48           0.134881979   48    0
        48
          49           0.117177414   49    0
        49
          50           0.111424289   50    0
        50
          51           0.086874637   51    0
        51
          52           0.058798353   52    0
        52
          53           0.045799599   53    0
        53
          54           0.035628242   54    0
        54
          55           0.026241328   55    0
        55
          56           0.009993456   56    0
        56
          57           0.007323301   57    0
        57
$end
