$energy      SCF               SCFKIN            SCFPOT
     1 -644.6612036025      644.4734136322     -1289.134617235
     2 -644.6713640514      644.7478842651     -1289.419248316
     3 -644.6739463332      645.0352091217     -1289.709155455
     4 -644.6689481917      645.1593411927     -1289.828289384
     5 -644.6724417992      645.0793646162     -1289.751806415
     6 -644.6752726381      644.9565554934     -1289.631828132
     7 -644.6750255351      644.9696101013     -1289.644635636
     8 -644.6753520559      644.9626259184     -1289.637977974
     9 -644.6756609108      644.9620562453     -1289.637717156
    10 -644.6755938746      644.9551760982     -1289.630769973
    11 -644.6756873212      644.9601943091     -1289.635881630
    12 -644.6756907126      644.9601650819     -1289.635855795
    13 -644.6756975793      644.9596633840     -1289.635360963
    14 -644.6757032024      644.9600852237     -1289.635788426
    15 -644.6756965302      644.9569825577     -1289.632679088
    16 -644.6757057999      644.9594991990     -1289.635204999
    17 -644.6757059568      644.9595266657     -1289.635232623
    18 -644.6757058915      644.9596644406     -1289.635370332
    19 -644.6757060156      644.9596944765     -1289.635400492
    20 -644.6757060486      644.9596207063     -1289.635326755
    21 -644.6757060701      644.9596386986     -1289.635344769
$end
