$grad          cartesian gradients
  cycle =      1    SCF energy =     -644.6612036025   |dE/dxyz| =  0.101014
    3.88601392240471     -0.31261739416327      0.75073150081148      c
    1.30183233294492      3.83338504960384     -1.22484489029116      c
    5.17919130966101      1.93370005999789      0.23683937623456      c
    3.88780916223095      4.00209979874787     -0.75619280933552      c
   -6.79160013254569      1.95036744448994      0.08671953223812      c
    1.28006268789408     -0.51980696737285      0.28529195428175      c
    0.00517784960411      1.59179191077489     -0.67816601730867      c
    1.19606436128731     -4.80984433698851      1.76424831766204      o
   -3.33445955599938      2.70707047988134      2.95876310352038      o
   -2.36015455640619     -3.18250667765404      0.24519196574191      o
    0.09973974529370     -3.00241577719004      0.84958307482273      c
   -4.06667174070858      2.13238586560949      0.84117379353139      c
   -2.57318338336639      1.56529795039184     -1.24391222697197      o
   -2.79021842972831     -4.91538554151018      0.74137735645370      h
    4.93120254924243     -1.91189262042439      1.51714772852591      h
    0.29683818095368      5.44743793422413     -1.99976488560357      h
    7.19564247701797      2.06218253977279      0.61159096564711      h
    4.89522216367229      5.74629812213999     -1.16038633189843      h
   -7.21195081354477      0.03872048846283     -0.57234135386707      h
   -7.98371496621527      2.35442868622355      1.72796557591063      h
   -7.20545015564764      3.33680281640415     -1.38577396776770      h
  -.75242426136736D-02  -.72767156756391D-02  0.92502738580379D-03
  0.24649183615425D-03  0.41667371099873D-02  -.26619692617032D-02
  -.13583779983525D-02  0.65238272137487D-02  -.27344154920161D-02
  0.11542773012928D-02  0.23729660607802D-03  0.21461521414155D-03
  0.79941401762101D-02  -.18220029634741D-02  -.10070181801792D-01
  -.71985956384514D-02  0.10269754902079D-02  -.13631890578896D-02
  -.24788876161317D-01  -.73807382500082D-02  0.18818818804048D-01
  0.95506443736038D-04  -.53567178379970D-02  0.21067786296972D-02
  -.42488153989079D-02  0.10838716920269D-01  0.38614451707397D-01
  0.17702924804743D-02  0.38430169297198D-01  -.15737527426445D-01
  -.13196307310172D-01  -.20230759407898D-01  0.37404806345489D-02
  0.31101563991499D-01  -.42436506273540D-03  -.90376258359208D-02
  -.11237901751442D-01  -.12088712954258D-01  -.42594172784541D-01
  0.13070037218553D-01  -.20749019992707D-01  0.11069824886152D-01
  0.10945110462718D-01  -.82049408616803D-02  0.51685106812592D-02
  -.23212218571250D-02  0.11362744987414D-01  -.43670124663136D-02
  0.11349567040350D-01  0.14015423850138D-02  0.19330675146510D-02
  0.60365201331140D-02  0.90982199884427D-02  -.17361290858530D-02
  -.33121934332423D-02  -.94502652618144D-02  0.18998840773098D-02
  -.70116398552045D-02  0.12903246230173D-02  0.80147984756035D-02
  -.15653369949293D-02  0.86076859151957D-02  -.22040356052144D-02
  cycle =      2    SCF energy =     -644.6713640514   |dE/dxyz| =  0.049535
    3.94106569999145     -0.33596662641665      0.62345466766663      c
    1.34754184312196      3.87173157974714     -1.10239178221512      c
    5.24377651492385      1.88532578362465      0.13052194902706      c
    3.94122197732577      3.99306518921803     -0.73442013051334      c
   -6.86587543850866      1.91691964282855     -0.01893407675207      c
    1.32832063879627     -0.49061954658549      0.27132177039384      c
    0.05306011876460      1.64955168506525     -0.58969203093203      c
    1.27921282947080     -4.74676757936873      1.75276215981310      o
   -3.52111998734785      2.57525367989239      2.98026630845397      o
   -2.38066069641339     -3.11504119262853      0.50308272840730      o
    0.13489669298814     -2.93557075307839      0.91786805402030      c
   -4.18150240390798      2.09282352164752      0.84788454397574      c
   -2.54063891739309      1.63946657076951     -1.13488876628544      o
   -2.86791889817626     -4.80432957596681      1.00723688764265      h
    4.96624931412604     -1.96834470020865      1.28332527836060      h
    0.33171085224404      5.50281933807701     -1.77386846656646      h
    7.25937540232266      1.96799593410076      0.41642934474401      h
    4.94276451203169      5.72539829196862     -1.11923951030605      h
   -7.22352190926759      0.04608564376792     -0.78168127751678      h
   -8.12163284394317      2.23998360965926      1.57138716167851      h
   -7.22893229310433      3.33771933530789     -1.45518305075879      h
  -.60055777418606D-02  -.28364673163761D-02  0.25062189035208D-03
  -.41190888857652D-03  -.76280785524531D-03  -.91635727670304D-03
  -.12137971669357D-02  0.23871065249929D-02  -.29100449941129D-03
  -.22525830365836D-03  -.48211065841121D-03  -.22942937662143D-03
  0.22122083177636D-02  -.70971159912245D-03  -.41857659294033D-02
  0.53663143767280D-03  0.20298584280164D-02  -.35082870605249D-02
  -.47784217007814D-02  -.29824776749687D-02  0.12410527832494D-01
  -.89984081310118D-03  -.17728770273767D-02  0.24887545951840D-03
  -.67595339895403D-02  0.20464764936394D-02  0.10285398100831D-01
  -.44091139311136D-02  0.18332663029766D-01  -.92915208477132D-02
  -.29107520767092D-02  -.81033911119654D-02  0.55521039605455D-02
  0.16763824356272D-01  0.42575980193703D-02  0.38351855096844D-02
  -.68390962936396D-02  -.70736219166700D-02  -.25118530740412D-01
  0.77567634615594D-02  -.11551521191970D-01  0.53357325371520D-02
  0.61844018185944D-02  -.29484235831260D-02  0.11197489421299D-02
  -.17324149708448D-03  0.55674693695323D-02  -.11334468612674D-02
  0.48908419328402D-02  0.53102859733473D-03  0.61772508871374D-03
  0.28213013716420D-02  0.35992580917355D-02  -.56484281209436D-03
  -.16747227782237D-02  -.44211923853512D-02  0.20279121768141D-02
  -.43458158251195D-02  0.16987035586026D-03  0.32281618504481D-02
  -.51889476295738D-03  0.47232745234448D-02  0.32719064396906D-03
  cycle =      3    SCF energy =     -644.6739463332   |dE/dxyz| =  0.024171
    3.91661981254680     -0.28851759916774      0.70864030966452      c
    1.42336962624369      3.90253359062759     -1.14339436816705      c
    5.27243399807074      1.85833915125936      0.11415711864727      c
    4.01424818240603      3.96910858339679     -0.79778500129466      c
   -6.85526223105821      1.78416080027170      0.00889608666567      c
    1.31692096152080     -0.40726772036636      0.32170368035386      c
    0.09402694525626      1.74419640141680     -0.55471758078052      c
    1.25236343568096     -4.74278772665846      1.46865483563854      o
   -3.56558395106844      2.48622131154351      3.07584193565722      o
   -2.44702083478425     -2.95251766940841      0.55855324573380      o
    0.09974417020033     -2.85814814583346      0.83843573054855      c
   -4.21784466700112      2.05614471804450      0.94669032014155      c
   -2.51165060073935      1.78755525165389     -0.97767384392524      o
   -3.07610323714410     -4.59041962108533      0.96197697403613      h
    4.84047174226996     -1.86695044250708      1.55994253477873      h
    0.43954137043788      5.48478352164759     -1.92033942816141      h
    7.27850293805063      1.88463720921371      0.35359713364178      h
    5.04186667335227      5.65322270983245     -1.24141895478398      h
   -7.08134994693115     -0.05123508780114     -0.85106505288316      h
   -8.15126991161942      1.98380624895627      1.56314433279078      h
   -7.24663146764535      3.21063434638506     -1.39859824596476      h
  -.18128381857670D-02  -.17920618309748D-02  -.24442840716246D-02
  -.27250542131480D-02  -.27047474310564D-02  0.15877661236046D-02
  0.92755771517497D-03  -.21434064267730D-02  -.13926575446291D-02
  -.10720013270497D-02  0.21357408672017D-02  0.26609982712812D-02
  -.10700475164087D-02  -.48564952871678D-03  -.13511248420373D-02
  0.18315017364752D-02  0.20323392830496D-02  -.13387654884090D-02
  0.97141684247944D-02  0.19437973438396D-02  0.18020922486061D-02
  -.11674720102269D-03  0.44681549395300D-04  -.34829713289979D-03
  -.14430749793488D-02  -.18004896212395D-02  -.10174566646682D-01
  -.72611796308283D-02  -.10024652908975D-02  -.20523393561933D-02
  0.46424005827419D-02  -.26128474285147D-03  -.22841891870101D-02
  0.17228951260753D-02  0.35033044441667D-02  0.78744537482508D-02
  -.55635021672393D-02  -.26573619985064D-02  0.42542347550740D-02
  0.28154032930659D-02  0.21695681111317D-02  0.19323955912334D-03
  -.10852318681723D-02  0.49280852342125D-02  0.45892650939518D-02
  0.23039609880511D-02  -.19118518389872D-02  -.21496527155526D-02
  -.15528224681838D-02  -.88629028373081D-03  -.24122989027181D-02
  -.83031487100948D-03  -.12528656132977D-02  0.12758935262493D-02
  -.35661413374164D-03  0.62467169488320D-03  0.14609813905858D-02
  0.89606591860539D-03  -.45707118153117D-03  -.12808656072486D-02
  0.35476080176198D-04  -.26641550616056D-04  0.15301157421071D-02
  cycle =      4    SCF energy =     -644.6689481917   |dE/dxyz| =  0.034272
    3.95705500617089     -0.38655167077063      0.33056976489324      c
    1.44979173284559      4.03011299601205     -0.85671103822771      c
    5.32195950044930      1.78739139363088     -0.11401237474737      c
    4.05986731972594      4.00007984406254     -0.73313208387351      c
   -6.83387532574505      1.66185049053781     -0.31067513572209      c
    1.32655327781871     -0.38264123430389      0.26641210047599      c
    0.11374611369767      1.84748875819122     -0.40667091451490      c
    1.19871535223346     -4.66744123783603      1.56234697570934      o
   -3.80687120030725      2.01309705422369      3.09719305397416      o
   -2.47609762685850     -2.61830587737888      1.33800280099884      o
    0.07161411744218     -2.72024340581150      1.09979120648761      c
   -4.30822940027314      1.85988008650628      0.88794450150507      c
   -2.46158183924759      1.90535863985360     -0.89741592848262      o
   -3.21001509693046     -4.14504325527585      1.90889254619788      h
    4.88766905370588     -2.14300277829341      0.63555171011966      h
    0.43569293371276      5.71600750060898     -1.28284556235092      h
    7.32502885668149      1.77890801509135      0.10213895544872      h
    5.09552895766050      5.67819188686420     -1.15757815486394      h
   -6.90484930851104     -0.02873009234170     -1.44160993280758      h
   -8.26147893682202      1.61808319630463      1.12622688326353      h
   -7.14283047940435      3.24300952154590     -1.55917761114578      h
  0.10154028909686D-02  0.22870922740062D-03  0.37629203776137D-02
  -.32791291393309D-02  -.12426082244280D-02  0.20957371721095D-02
  0.19867855843266D-02  -.26877411760602D-02  -.60212412407000D-03
  0.10806213877128D-03  0.14916843844345D-02  -.21748001074672D-02
  -.11517792868719D-02  -.34242231435503D-04  -.11872517095048D-02
  -.38126686734699D-03  -.23205644548082D-02  -.44395319101963D-02
  0.73998522363227D-02  0.59693855575009D-02  -.18843572079252D-02
  -.20856392778770D-03  0.48654598017384D-03  -.14835531794834D-02
  0.70264529274996D-02  -.72989210369254D-02  -.80603481930690D-02
  -.10443798343579D-01  -.45817790548205D-02  0.97639709545977D-02
  0.65878092739864D-02  0.80984861593029D-02  0.64444431934202D-02
  -.46483587214928D-02  -.19072311356359D-02  -.46906690688399D-02
  -.20401039702399D-02  -.27090114058387D-02  0.86813952870691D-02
  0.10884935873448D-02  0.82341712506321D-02  -.42727066714882D-02
  -.28700009806241D-02  0.30002877428613D-02  -.86014008591623D-02
  0.17702672907347D-02  -.27924970770599D-02  0.42599405779537D-02
  -.48390006841222D-02  0.11096656044182D-02  0.50244530754676D-02
  -.20892777217013D-02  -.39441949563832D-02  -.23281427143570D-02
  0.68898012394240D-03  0.31680552540211D-02  0.10387093850098D-02
  0.39562092666502D-02  0.20620092928368D-03  -.22403346010250D-02
  0.32296408953225D-03  -.24743978423871D-02  0.89364914450638D-03
  cycle =      5    SCF energy =     -644.6724417992   |dE/dxyz| =  0.025095
    3.95585771702912     -0.37194147581780      0.39740664496464      c
    1.44462236546272      4.00829372462379     -0.90896570606077      c
    5.31721370377532      1.80100471070948     -0.07079830117019      c
    4.05356733030267      3.99438400851364     -0.74870002047969      c
   -6.84849051139876      1.69706817011773     -0.26008431604153      c
    1.32403315444111     -0.39140534756162      0.28704060706957      c
    0.10403429895943      1.82896719347053     -0.43094456864204      c
    1.24501193976242     -4.69135056621783      1.53846131652380      o
   -3.79836741714890      2.16839550523963      3.11091456036109      o
   -2.46181009548505     -2.73016087338014      1.21253508954918      o
    0.08933097719951     -2.76565706706735      1.05528169024108      c
   -4.30944765825211      1.92382186375633      0.90890357003011      c
   -2.47646357576220      1.90337909283988     -0.90164585184812      o
   -3.17029961243458     -4.28734788298072      1.74772091529785      h
    4.89473215898984     -2.11317497940079      0.77596630101716      h
    0.43062764309451      5.68134561223203     -1.39353693643253      h
    7.32133303071027      1.80331830116664      0.15898346121115      h
    5.08782192649023      5.67362517812073     -1.18287802439462      h
   -6.93728173370365     -0.03110027100966     -1.33494486288032      h
   -8.26591258532051      1.70607931668187      1.19119892533444      h
   -7.16272004866641      3.23995561738485     -1.55667273131263      h
  0.10841904121103D-02  0.41594231709779D-03  0.30086566958839D-02
  -.22397198607788D-02  -.38532180749206D-03  0.18039128962662D-02
  0.15433858496971D-02  -.18241075466539D-02  -.93240000655979D-03
  0.29127860852909D-03  0.85983376646548D-03  -.15067159212599D-02
  -.77350995279218D-03  0.52848445703221D-03  -.10065475085655D-02
  0.26451732408074D-03  -.32204507276141D-02  -.15380692793649D-02
  0.51075273157870D-02  0.51433522303343D-02  -.34649853622040D-02
  -.36894221000894D-03  0.67919955681933D-03  -.10563681712580D-02
  0.47302447269907D-02  -.31477911859849D-02  -.43248908136304D-02
  -.55693050558731D-02  -.69985332463561D-02  0.66054197006957D-02
  0.43004150093839D-02  0.62250473987745D-02  0.44320798774099D-02
  -.51008183388884D-02  -.22788283965657D-02  -.35832833322658D-02
  -.14105069806272D-02  -.15624578135108D-03  0.62381274380962D-02
  0.16712295784013D-03  0.57783130840390D-02  -.28440165063329D-02
  -.19671051212576D-02  0.18618924709004D-02  -.69101299767749D-02
  0.13710539229031D-02  -.19628825322876D-02  0.32336406127906D-02
  -.37055488600197D-02  0.10555390190267D-02  0.42039841300714D-02
  -.14839018422945D-02  -.30925983065672D-02  -.19592675076676D-02
  0.60061933556251D-03  0.24361999976007D-02  0.59055877008001D-03
  0.30148136619935D-02  0.72230331574944D-04  -.16549598799124D-02
  0.14418965610885D-03  -.19892720480087D-02  0.66525247408194D-03
  cycle =      6    SCF energy =     -644.6752726381   |dE/dxyz| =  0.008304
    3.94880289897725     -0.33270886514876      0.54973421829484      c
    1.44938855658065      3.97064721548463     -1.04149836469554      c
    5.31241199063151      1.83104039722067      0.01808414309413      c
    4.05364533508071      3.99035749066827     -0.77721308552578      c
   -6.85034957952583      1.70335797430407     -0.12976146796858      c
    1.32254051085556     -0.38649738159260      0.30905128413683      c
    0.10332557424203      1.79584196682777     -0.51560927176203      c
    1.20515205149552     -4.71171983120266      1.51962467362145      o
   -3.69119975319412      2.23858805605638      3.11776747571533      o
   -2.47536018240486     -2.76010876715920      0.91424939803309      o
    0.07373567148625     -2.79063443509264      0.95983438266638      c
   -4.25891688529370      1.94662366775090      0.93109073998634      c
   -2.48527310220645      1.86649027790114     -0.95761748666123      o
   -3.19393995156299     -4.34605205168981      1.39069361347409      h
    4.88417216160710     -2.01357306052617      1.17528059594279      h
    0.44516855018798      5.60702211028225     -1.67787897626632      h
    7.32762222369509      1.83037398294573      0.21359140732866      h
    5.08809900837155      5.68511527147328     -1.18089159668109      h
   -6.99745312248606     -0.06006867339429     -1.14997207700765      h
   -8.21715663266507      1.76248499432752      1.37900315530915      h
   -7.20702231582716      3.22091949198473     -1.45232099869724      h
  0.13148302159147D-03  -.11520684491932D-02  -.75907466733557D-03
  -.97305741793454D-03  0.40253589919139D-03  0.18665173864945D-02
  0.42203067416282D-03  0.69203187874276D-03  0.67940915410299D-03
  0.68149673526778D-03  0.16100332638294D-03  -.70572070875779D-03
  -.35968944824423D-03  0.31814768679353D-03  -.21657003527851D-03
  -.19378263661347D-02  0.16421289348350D-03  0.67502605439460D-03
  0.24220066680476D-02  0.46427439702427D-03  -.31371440073225D-02
  0.75252821247259D-03  -.10358884484883D-02  0.10269720007972D-03
  0.13169470914496D-02  -.12656931660100D-02  0.14242727886522D-02
  0.16672001336503D-03  0.38835637963025D-02  0.96936720933875D-03
  -.31340147885795D-03  0.62194212212160D-03  0.21386359252197D-03
  -.26498151542082D-02  -.73730706786364D-03  -.16918599394170D-02
  0.38747350307471D-03  -.19382014160592D-02  0.78086015921184D-03
  -.46735802225562D-03  -.49821025046736D-03  -.18159194578719D-03
  0.99402493741388D-06  0.32364247757451D-03  0.16500770905229D-03
  0.33695416743677D-03  -.84878949455257D-04  -.31373576180785D-03
  -.87112139073175D-04  -.21202326812232D-03  -.39311555202762D-03
  -.11077467137351D-03  0.19756860623690D-04  0.41685648414543D-03
  0.91777205790890D-04  0.15850839792842D-03  -.30919470451630D-04
  0.14236096716559D-03  -.90770928423322D-04  0.19790270386985D-04
  0.46263339097729D-04  -.19457509938802D-03  0.11606345302774D-03
  cycle =      7    SCF energy =     -644.6750255351   |dE/dxyz| =  0.009233
    3.92759634585949     -0.30743989917574      0.65055992615821      c
    1.44633184444910      3.93589044537655     -1.11799984132403      c
    5.28941440267846      1.85606945020374      0.11651188282257      c
    4.04668553093464      3.96603374259505     -0.82467283625404      c
   -6.84005002776798      1.70992649888982     -0.02578480083398      c
    1.31096361474351     -0.38553315805341      0.33328950594998      c
    0.09478861079187      1.78043251401646     -0.52978961953467      c
    1.20533188924478     -4.71441952824042      1.53016747866398      o
   -3.62797320529533      2.47092014743238      3.11677932417420      o
   -2.46416776304189     -2.86070299852423      0.63474872081975      o
    0.07328428094138     -2.82320946660646      0.88032035786706      c
   -4.23051999363010      2.04303655225821      0.96448563321199      c
   -2.49287147531856      1.86135095900080     -0.94799604533724      o
   -3.17691901791319     -4.46222883893416      1.06318814521556      h
    4.86068757358255     -1.98635391663411      1.28822148298630      h
    0.44066985625578      5.56149025889267     -1.78206042818775      h
    7.28485324709785      1.90753658363227      0.46105837719198      h
    5.09487453828268      5.61885751657921     -1.35229107364600      h
   -6.99196374546725     -0.11902059805834     -0.92411325969774      h
   -8.18048036568991      1.86116704531297      1.50130181314364      h
   -7.23314313269291      3.13369652145795     -1.44068298105216      h
  -.36575136108012D-03  -.21992891384032D-03  0.47690784539862D-03
  -.85753749129090D-03  -.27766751354904D-03  0.22625717254330D-04
  0.16255240480428D-03  -.49630775935954D-04  -.12030184142088D-02
  0.24479828649462D-03  -.12065226674809D-04  0.46773732984028D-03
  0.15631658720667D-03  -.27076493445062D-03  0.39049268449541D-03
  -.98861379469849D-03  0.27683407501621D-02  0.31808600352333D-02
  0.68675221030358D-03  -.18996210103780D-02  -.20472850015779D-02
  0.26689828219300D-03  -.13562639855782D-03  0.71167917401203D-03
  -.48099090578172D-03  0.30446378485222D-03  -.17005572046162D-02
  0.12521088494434D-02  0.13681918813233D-02  -.88610231620921D-03
  -.54198990429342D-03  -.89109170720453D-03  -.30238280993168D-02
  -.53970537687863D-04  0.92763152326487D-03  0.21489671405610D-02
  0.14256616380446D-02  -.15197015959763D-02  0.13046769143609D-02
  -.68517429553200D-03  0.97179133769136D-04  0.31359971880757D-03
  0.29212300790230D-03  -.75686207197271D-03  -.16186189083342D-02
  -.26508661662037D-03  0.63041691614972D-03  0.11643287615668D-02
  -.31697641115393D-03  0.98953201806210D-03  0.31624814387034D-02
  0.32136035647289D-03  -.80500043040690D-03  -.27257559703803D-02
  -.15798305784288D-03  -.22680765918912D-03  -.25491312718321D-03
  -.18760133475316D-03  -.91015438183725D-04  0.20194083516271D-03
  0.93105591695266D-04  0.70029617475533D-04  -.86219382865146D-04
  cycle =      8    SCF energy =     -644.6753520559   |dE/dxyz| =  0.006031
    3.92945314366373     -0.31211337832069      0.63154114262018      c
    1.44392583561478      3.94159315441221     -1.10112044524136      c
    5.29098790120802      1.85107352877367      0.09792860360040      c
    4.04462719489798      3.96984599489724     -0.81625749766046      c
   -6.84500518060388      1.72238790123754     -0.04719105331462      c
    1.31046812817167     -0.38899652150878      0.32951810991022      c
    0.09120984437873      1.78370842012717     -0.52127733372129      c
    1.22420413177020     -4.71366985763606      1.53557701729754      o
   -3.64484833418089      2.44647437595205      3.11766470623167      o
   -2.46077326942703     -2.87887974624035      0.68116638735789      o
    0.07942238230845     -2.82689442677088      0.89634704985654      c
   -4.23935640975493      2.04038588653759      0.95791412984357      c
   -2.49537803275733      1.86986512865149     -0.94864525056652      o
   -3.15759331416782     -4.48375026764890      1.12218563797554      h
    4.86394689426506     -1.99109225071004      1.26658386481021      h
    0.43795472793675      5.56937294935842     -1.75891010190141      h
    7.29247163725945      1.88995451948297      0.40632383912090      h
    5.08895740035956      5.63359872933205     -1.31599518979062      h
   -6.99720216766069     -0.09869894912874     -0.96082661595257      h
   -8.19190935468730      1.86464627477960      1.47481271261084      h
   -7.22817015054954      3.15868836584366     -1.45209795074905      h
  -.18863304743813D-03  -.28746088838649D-04  0.15384025907195D-03
  -.42240358648266D-03  -.49162973753555D-05  0.65831063894735D-04
  -.79710730500981D-04  0.18524263210460D-03  -.37091890372130D-03
  0.17110607190285D-03  -.39316808375526D-03  -.19840344884437D-03
  0.19720341989388D-03  -.39320232272864D-03  0.25385687715684D-03
  -.76081490290201D-04  0.13654371784414D-02  0.26078482358294D-02
  -.34138036060598D-03  -.93849226929909D-03  -.14665506090657D-02
  -.14301587135784D-03  0.26027003777243D-03  0.37845336074065D-03
  -.26590383143576D-03  0.28507060335559D-03  -.69204984821937D-03
  0.90001132345942D-03  -.11823028590520D-03  -.29108458690420D-03
  -.29265019642573D-03  -.63181811155869D-03  -.22907246524695D-02
  0.11870192221402D-03  0.91673254079437D-03  0.96245781012446D-03
  0.94721757788516D-03  -.60729828047221D-03  0.74156537533336D-03
  -.52364615465336D-03  0.10220515086871D-03  0.24236951171696D-03
  0.24658334070709D-03  -.60008825361010D-03  -.11876385891975D-02
  -.15924727101926D-03  0.49257021134572D-03  0.88566011320004D-03
  -.14938866787938D-03  0.69242642498368D-03  0.22098256275691D-02
  0.24020532763380D-03  -.49545378569223D-03  -.18680618722311D-02
  -.12788694198898D-03  -.10111720109763D-03  -.22627306292136D-03
  -.12570359593155D-03  -.65287502913551D-04  0.16543308197436D-03
  0.74623854557317D-04  0.77865093525752D-04  -.75436462256156D-04
  cycle =      9    SCF energy =     -644.6756609108   |dE/dxyz| =  0.002254
    3.93923982737591     -0.32716990902063      0.57932734542244      c
    1.44662995322930      3.95754463346848     -1.05938651672691      c
    5.30217633885122      1.83580196588156      0.05100156809410      c
    4.04829104574638      3.98105967845512     -0.78725454425862      c
   -6.85002964006962      1.71374709500081     -0.08909125937828      c
    1.31572996748324     -0.39174688821294      0.31416286797929      c
    0.09429435307336      1.79266644184600     -0.50568316145887      c
    1.22355630353650     -4.70361390491889      1.56504473759813      o
   -3.67788826283638      2.39112907770920      3.11574630801859      o
   -2.46529875038621     -2.84424425666208      0.77082761920825      o
    0.07976278698687     -2.81267184167803      0.93471931307805      c
   -4.25379159801200      2.01703764310354      0.94435220221135      c
   -2.49281268526886      1.87856701697200     -0.94853580973660      o
   -3.16248106836601     -4.44062568845329      1.23886988594136      h
    4.87382361848014     -2.00973434089884      1.20141784659046      h
    0.44116041088795      5.58824163926908     -1.70847814320939      h
    7.31421534446581      1.84505942759375      0.27658912823005      h
    5.08508347516592      5.66833318206025     -1.21581647936735      h
   -6.99235200981544     -0.09474727053765     -1.02768280017045      h
   -8.20989528254179      1.83422678637665      1.42216406271289      h
   -7.22202111994133      3.16863934406713     -1.47705240844088      h
  0.20398402789382D-04  -.23753161445201D-03  -.10449156226526D-03
  -.15014064292194D-03  0.92917918714983D-04  0.58380780821595D-03
  -.87692460439185D-04  0.45262486144619D-03  0.96770955497012D-03
  0.26791835335427D-03  -.35361292826137D-03  -.10950616454028D-02
  -.89943729905060D-04  -.26636150725260D-03  0.84343690934740D-04
  -.10572100974521D-03  -.85899822750041D-04  0.15743072888184D-03
  0.35682799492263D-03  0.13620382520610D-03  -.24144679017508D-03
  0.40969051018148D-03  -.24205255334956D-03  0.15873423383316D-03
  0.19834949649506D-03  0.73575393811865D-04  0.12049546320741D-03
  -.76883600427468D-05  0.49562182888452D-03  -.38591270288488D-04
  -.23337735791253D-03  -.37352526934426D-04  -.24494415556895D-03
  -.50374268499677D-03  0.23391094621233D-03  -.24946722195202D-03
  -.10083663141396D-03  -.45909022574704D-03  0.31759521690513D-03
  0.90243248930588D-05  0.27763549125693D-03  -.21456750164232D-04
  -.16448402275584D-04  0.30945084245752D-04  -.45950722558631D-03
  0.12016906024860D-03  -.95065109549168D-04  -.58524282123123D-04
  -.13480036357673D-03  0.27787210525124D-05  0.92007983329345D-04
  -.68590465810597D-04  -.54096967089753D-04  0.93570591342717D-04
  0.11974142984658D-04  0.11994620974334D-03  -.43756253555224D-04
  0.94986519260437D-04  -.62839968283944D-04  -.66074193374466D-04
  0.96447608662052D-05  -.22254881057343D-04  0.47625318534145D-04
  cycle =     10    SCF energy =     -644.6755938746   |dE/dxyz| =  0.003281
    3.94220596390075     -0.31636880192561      0.59862734232355      c
    1.43216875629027      3.95280202649624     -1.05043010529959      c
    5.30072544034115      1.83754524609614      0.02403299065097      c
    4.03617506401180      3.98026550844986     -0.80443862161988      c
   -6.86009747624559      1.76485989170837     -0.10499219313859      c
    1.31863719452793     -0.39481465252342      0.33354120600292      c
    0.08813342932050      1.78274771291216     -0.49435564464755      c
    1.25979257132443     -4.69982608746143      1.60619227174716      o
   -3.68804151582049      2.28165491485762      3.12864003180641      o
   -2.44172366145416     -2.89785277257201      0.76054255546470      o
    0.10048330211948     -2.82648469194052      0.95329798906450      c
   -4.26167079398170      1.98287436382979      0.94499954377644      c
   -2.49767966634242      1.86168012022608     -0.94655899180719      o
   -3.11527272056125     -4.50648557846592      1.22427305848276      h
    4.87944151407518     -1.97627751556689      1.27684069785045      h
    0.41559533736863      5.59081988406974     -1.66418672940912      h
    7.31629118954924      1.84631802321593      0.21996824142239      h
    5.06928976493296      5.66035235846247     -1.27018515441941      h
   -7.04481965099834     -0.02392287537647     -1.07421048911599      h
   -8.22386915163437      1.89465676552987      1.40255377488931      h
   -7.18837188267904      3.25295599139923     -1.46891001168663      h
  -.13930571387093D-05  -.24073884443111D-03  -.86505546032521D-03
  0.20688815124786D-03  -.27982769059227D-03  -.61822794724200D-03
  0.14415185138246D-05  -.52167596775295D-04  -.26513601507871D-03
  -.13653664163016D-03  0.26882861387677D-03  0.99085335274349D-03
  0.87514870657154D-05  -.11660068637165D-03  -.69667432527846D-04
  0.14980737570568D-03  -.28083188871885D-03  0.53499588417358D-03
  -.36075976929884D-03  0.94319606949689D-03  0.14104257784398D-03
  -.25226055813264D-03  0.17052204924224D-03  0.21381122309026D-04
  0.17796071524780D-04  -.20277237458168D-03  0.35234510593964D-03
  -.10069728588166D-03  -.11310975709799D-03  0.50254031089560D-03
  0.36573978260527D-03  -.29511367093044D-03  -.92358443988634D-03
  -.57438541763773D-04  0.16815957834642D-03  -.25297315255622D-03
  0.78512276679486D-04  -.58700576711203D-03  -.92689846551281D-03
  0.51555467219961D-04  -.23674082770140D-03  0.52783321275139D-04
  -.51531712101488D-04  0.39910097884466D-03  0.13006238350451D-02
  -.65684563094566D-04  0.38548311549487D-03  0.10169250630202D-02
  0.80160529133907D-04  -.10514328943761D-03  -.33195777698332D-03
  0.10103896384652D-03  -.22546254867241D-03  -.76138226458833D-03
  0.10363193386290D-03  0.12711811159892D-03  0.39466451425984D-04
  -.53919199589402D-04  0.88749378672650D-04  0.35049647810842D-04
  -.85101130846416D-04  0.18435956215952D-03  0.26875280256756D-04
  cycle =     11    SCF energy =     -644.6756873212   |dE/dxyz| =  0.001360
    3.94076313516524     -0.32405477405748      0.58176726704649      c
    1.43839426944727      3.95358494610191     -1.05913710345105      c
    5.30068563611289      1.83635305366215      0.03550000306675      c
    4.03972189398810      3.98417387764922     -0.78567658672035      c
   -6.85377741758413      1.74000173501261     -0.09138690416367      c
    1.31678957499845     -0.39440947704476      0.32086076234619      c
    0.09091814025632      1.78561913566928     -0.50468853606130      c
    1.23731135751370     -4.68937383608794      1.62743900419712      o
   -3.67619919358212      2.34453561664414      3.12177340435339      o
   -2.45223264682196     -2.88040074832887      0.73824268094119      o
    0.08866494831535     -2.81801265336659      0.95029121280511      c
   -4.25459525628207      2.00294130482456      0.94590602984113      c
   -2.49549343968273      1.86908142337137     -0.94886767651990      o
   -3.13861414368173     -4.48122231634945      1.20854633360989      h
    4.87831890498103     -2.00059684164084      1.21673891803380      h
    0.42805250093757      5.58321167056733     -1.70426788477930      h
    7.31417814195251      1.84707508606744      0.25040128047446      h
    5.07276572637002      5.67343338628413     -1.21663004712416      h
   -7.02340192583117     -0.06737417159025     -1.02819134293725      h
   -8.21412236887473      1.88341439042718      1.41780832633442      h
   -7.20073482965286      3.19951902360610     -1.48118737895535      h
  -.93179917838115D-04  0.72641234850129D-05  0.15709068072235D-03
  -.39254086076089D-04  -.14484464866027D-03  -.13426091402169D-03
  0.49677688406381D-04  -.91298063397712D-04  -.51926272479228D-03
  -.28852391021490D-04  0.14683609580301D-03  0.59445785357548D-03
  0.25362352015742D-04  -.29429085281860D-03  0.21206537536918D-04
  0.69016005938369D-04  -.53985534689555D-04  0.27378224592328D-03
  -.10007544793468D-03  0.38034593890039D-03  -.28521776355496D-04
  -.22891570670417D-04  0.91614747109628D-04  0.21430912405954D-03
  -.93505923503909D-05  0.96806619974429D-04  -.72283508164447D-04
  0.75186698135704D-04  -.22140478065445D-04  0.18188488383004D-03
  0.21101660490127D-04  -.14313400550509D-03  -.59345016462668D-03
  -.98794012789335D-04  0.14338917627172D-03  0.15329343221385D-03
  0.13566709855091D-03  -.42693468379390D-03  -.11125560131594D-03
  -.41447573992105D-04  0.28897431708041D-04  -.23550421244565D-04
  0.25613894721321D-04  0.35895867574299D-05  -.32687245582814D-04
  0.45581110660415D-04  0.66552903456005D-05  -.38358665330746D-04
  -.63709385220345D-05  -.64543968258651D-05  0.22573577612455D-04
  -.27177780043884D-05  -.14005275215980D-04  -.53936168437505D-04
  0.28867501600933D-04  0.11686518323065D-03  -.23840082884857D-04
  0.73674239905355D-05  0.58267480553207D-04  -.34293746877633D-05
  -.40505230619575D-04  0.11655815079992D-03  0.16237267678430D-04
  cycle =     12    SCF energy =     -644.6756907126   |dE/dxyz| =  0.001013
    3.93879680732850     -0.32385327079545      0.58133679377919      c
    1.44360706747180      3.95778842778702     -1.05991855433223      c
    5.30171048132689      1.83592592598851      0.04034136807333      c
    4.04540255279232      3.98274919412890     -0.79037734739642      c
   -6.85194173486856      1.72811733956009     -0.08900586857897      c
    1.31517196044815     -0.39127614282346      0.31593310428826      c
    0.09263768044555      1.79161257071226     -0.50697857805708      c
    1.22849479950847     -4.68928118279022      1.61252122450597      o
   -3.67553391094412      2.34280446621994      3.12391400294972      o
   -2.45901010183011     -2.86603163602678      0.74073025294881      o
    0.08272188499729     -2.81225184518831      0.94588852973822      c
   -4.25365622455363      2.00242978013068      0.94763030253430      c
   -2.49467326944656      1.87999589709107     -0.94796691789694      o
   -3.14957808161342     -4.46461709033241      1.21208494832132      h
    4.87298232589851     -2.00036302145059      1.22072708471943      h
    0.43589055938090      5.58964895117396     -1.70304282188439      h
    7.31465686252974      1.84450303587916      0.25900858821140      h
    5.08149389622061      5.66938792736030     -1.22362873611878      h
   -7.01519486054142     -0.08240053804073     -1.02093532666705      h
   -8.21268213090462      1.87030804794643      1.41975968973549      h
   -7.20390355560134      3.18230299489089     -1.48277997653596      h
  0.35123456953369D-05  -.16145410727268D-03  -.22398392720054D-03
  -.49311182788192D-04  0.56010693273143D-05  0.29847428227148D-03
  -.16407513699912D-04  0.17459575497108D-03  0.28708316320087D-03
  0.10107075709893D-03  -.52751483486476D-04  -.16422926224885D-03
  -.25656535038544D-04  -.32663102488759D-03  0.14393059971144D-04
  0.39747887566124D-05  -.19081166685246D-03  -.80193136984937D-04
  0.21079142850510D-03  0.28051631246436D-03  -.23048509258533D-03
  0.15726971163187D-03  -.91886035301790D-04  0.44036579288950D-04
  0.90604073706178D-04  0.65094407482935D-04  0.54688091799190D-04
  0.12420031355488D-04  0.13478353415076D-03  0.34557282776053D-04
  -.13006904115084D-03  0.48068866914283D-04  -.49032001825697D-04
  -.22942920696555D-03  0.14329929158836D-03  -.55278732195484D-04
  -.11653647690834D-03  -.34539005498329D-03  0.90567626470826D-04
  -.86783350108899D-05  0.10450353670193D-03  -.88342321034461D-05
  -.25351166338587D-04  0.10825576794510D-03  0.48074666459538D-04
  0.73999059447517D-04  -.10252969491949D-04  0.41974098904200D-04
  -.63990741252579D-04  -.13724768239914D-04  -.91993254165890D-05
  -.22260263232531D-04  -.67937724722790D-04  -.63448717818228D-04
  -.25200449792921D-05  0.10659534284652D-03  -.32954305707419D-04
  0.50583843919785D-04  0.37625725510971D-04  -.43817009529514D-04
  -.14014067662704D-04  0.51902330398209D-04  0.47605905866419D-04
  cycle =     13    SCF energy =     -644.6756975793   |dE/dxyz| =  0.001385
    3.93790858761535     -0.31603417486837      0.59560380997346      c
    1.44205643398338      3.95420309805362     -1.07243789348045      c
    5.30052733556222      1.84020380087459      0.04067610354495      c
    4.04385503667263      3.98119299567841     -0.80455273837306      c
   -6.85515975913234      1.74601565771426     -0.08495094567768      c
    1.31421891519900     -0.38644486584798      0.32999008740703      c
    0.09097911791958      1.79228984018418     -0.50292425634600      c
    1.23416438141834     -4.67771725895386      1.64840240122049      o
   -3.67539444308085      2.27714737440573      3.13932930376135      o
   -2.45062897117984     -2.88580970702467      0.70606662472945      o
    0.08675515443475     -2.81140852057521      0.95527119468552      c
   -4.25529231019367      1.98359990704450      0.95674844918321      c
   -2.49693472146158      1.88324308921167     -0.94038777993098      o
   -3.13622679244497     -4.48799483622503      1.17264394193057      h
    4.87308884738935     -1.99055699328331      1.23879653318715      h
    0.43346616102142      5.58158514922371     -1.72547689704689      h
    7.31360842450424      1.85024433580016      0.25815551279974      h
    5.07869768657494      5.66791562311847     -1.24044583889870      h
   -7.04146152021868     -0.06405123871962     -1.01419542015749      h
   -8.21702574668034      1.90780459913449      1.42087464833979      h
   -7.18380880985798      3.20207195647554     -1.48194507851383      h
  0.15291045380422D-04  0.18699218569921D-04  0.12030345165815D-03
  0.40949675612337D-04  -.77657834154976D-04  0.13470695938661D-03
  -.25428940743938D-04  0.88394655709840D-04  0.28143893025233D-03
  0.10268183154348D-03  -.21205987680330D-03  -.73405389052169D-03
  -.35484963316330D-04  -.22255974910884D-03  -.33146083844799D-05
  -.10733124638689D-03  -.59250005691178D-04  0.26327199739414D-03
  0.24969714682045D-03  0.60980853742843D-03  -.22847059254602D-04
  0.38392764111096D-04  -.31719626630079D-04  -.11892946628739D-04
  0.11064962694895D-03  -.87036324237952D-04  -.12127981027614D-05
  -.57744577554932D-04  -.60478154291402D-04  0.55337725603736D-04
  0.93908058126665D-04  0.14353446799802D-05  -.22287668290138D-03
  -.30297865245828D-03  0.20320219119991D-03  -.66911527409994D-04
  -.10605983006775D-03  -.47423283659468D-03  0.88416615927255D-04
  -.14542397209967D-05  0.51387617230451D-04  0.23666603103782D-05
  -.55005525559674D-05  0.34665009450406D-04  -.11784351397992D-03
  0.70627845865298D-04  -.39939745293298D-04  -.13632609619928D-04
  -.53284397383257D-04  -.20900136781349D-04  -.56690153100554D-04
  -.55989368096981D-04  0.42038773128985D-04  0.29937340545400D-03
  0.16213756502680D-04  0.11287814969203D-03  -.59655833873642D-05
  0.24715488473616D-04  0.85813871501047D-04  -.39024692749224D-04
  -.11869172094382D-04  0.37513217872920D-04  0.51049347145730D-04
  cycle =     14    SCF energy =     -644.6757032024   |dE/dxyz| =  0.000650
    3.93575951306991     -0.31611519558712      0.59252033097958      c
    1.44598774809915      3.96101254702775     -1.06713780434739      c
    5.30242667623129      1.83654973687559      0.03349979124336      c
    4.04830265558567      3.98231709728947     -0.80388275445654      c
   -6.85251750143621      1.73628006011105     -0.08252794931327      c
    1.31134431837138     -0.38065364571250      0.33169283794922      c
    0.09168429570605      1.80056560182804     -0.49922566686651      c
    1.21983886075772     -4.65903572102930      1.69118184293530      o
   -3.67651872505009      2.26613398255857      3.14543375959803      o
   -2.45358418033726     -2.88462998110194      0.67488444296735      o
    0.07935117715350     -2.80179873598117      0.96333813360711      c
   -4.25415888937296      1.98150991077896      0.96106682328737      c
   -2.49549787916992      1.89950033356851     -0.93627317168063      o
   -3.14218198250396     -4.48516622571687      1.14298516002412      h
    4.86810054862902     -1.99283368914087      1.23461311042638      h
    0.43857046514661      5.59233654193610     -1.71250436961674      h
    7.31666849707132      1.84023564764815      0.24147833259803      h
    5.08667444427315      5.66520908687611     -1.24671579482949      h
   -7.03750002133902     -0.08331172878656     -0.99416833888161      h
   -8.21696034453145      1.91137853704888      1.41963240805632      h
   -7.17839666830897      3.17801567093042     -1.49464936134234      h
  -.13094059450862D-04  0.15850406295386D-04  0.10864571190219D-03
  -.47142919237195D-04  -.13559819714826D-03  -.13367405086923D-03
  -.15251929630246D-04  0.54902813693796D-04  0.17351983333248D-03
  0.22443320875570D-04  -.30358299236199D-04  -.11090819715182D-03
  0.46322576782616D-04  -.17885118288395D-03  -.96118926615598D-05
  -.86692019799271D-04  0.43097261969053D-04  0.11813060225965D-03
  0.80593088470145D-04  0.26226799384066D-03  0.13934314074588D-03
  0.39423861178698D-04  -.19665214531087D-04  0.59829853783681D-04
  -.23717420280616D-04  0.43680516536018D-04  -.55628172421534D-04
  0.45550592188416D-04  -.68577251526355D-04  0.13107217088394D-04
  -.87009540118980D-04  0.65411259022134D-05  -.15183484137283D-03
  0.55306439806386D-04  0.81414258311790D-04  0.10322663148692D-03
  -.14796663510874D-04  -.17380217489690D-03  -.12821419452030D-03
  -.58060555569907D-05  0.69540214245625D-05  -.24990734964863D-04
  0.85509018272973D-05  -.23476700910481D-04  -.82108252163081D-04
  0.54704150931508D-05  0.52849220689228D-04  0.11419102122667D-03
  0.12592002380651D-04  -.46986156367867D-04  -.14689447169762D-03
  -.93186827552028D-05  0.42321388773622D-05  0.30784651477041D-04
  -.24425639990787D-04  0.18567437818147D-04  -.28857042301218D-04
  0.21141695590325D-05  0.66723546053287D-04  -.43811686784651D-05
  0.88885321658726D-05  0.20236856926733D-04  0.16323368130207D-04
  cycle =     15    SCF energy =     -644.6756965302   |dE/dxyz| =  0.001428
    3.93401848561179     -0.31425195770399      0.59260018891371      c
    1.44549100619240      3.95817400520228     -1.08014233566120      c
    5.29995217491305      1.84044602110716      0.03962017845655      c
    4.04630932698421      3.98425933374223     -0.80335445838900      c
   -6.85276854399669      1.74609020778636     -0.07571754062703      c
    1.31064878248700     -0.38312382868638      0.32099378748100      c
    0.09088424627257      1.79728785033659     -0.51314498491821      c
    1.22008748238677     -4.65344697897637      1.70535125117038      o
   -3.66531760375689      2.22623154265062      3.14842828062210      o
   -2.45175399597124     -2.89337857205323      0.66183105825186      o
    0.07953453850424     -2.80243406298287      0.96227499123921      c
   -4.25012681558457      1.96950887138847      0.96236802604900      c
   -2.49764454660024      1.90299128034339     -0.94147519398114      o
   -3.13728651613967     -4.49368316914861      1.13617348678400      h
    4.86520327087017     -1.98579518735172      1.25016485676856      h
    0.43980621860809      5.58380813497126     -1.74269231747724      h
    7.31219186847419      1.85068303211463      0.26707208965166      h
    5.08517154855661      5.66574384002576     -1.25091397126932      h
   -7.05048754171669     -0.06827064622784     -0.99560697564906      h
   -8.21234038110407      1.92005393257878      1.43115173905863      h
   -7.17417999694609      3.19660618230475     -1.47974039413683      h
  0.10130756553416D-04  -.80085048676802D-04  -.26988255426489D-03
  -.41199942321876D-04  0.38437191593864D-04  0.27616550430843D-03
  0.24430692932861D-04  -.12589144490368D-03  -.42681782758772D-03
  -.10375206010022D-03  0.27178928876858D-03  0.88774949172700D-03
  0.29215383992427D-04  -.66865829651826D-05  -.18849344201123D-04
  0.68598219401339D-04  -.22294543125359D-03  -.37209694258754D-03
  0.22241919434033D-04  0.98203301013587D-04  -.31736899008497D-03
  -.88722476363525D-04  0.41176393899332D-04  -.31648629859525D-04
  -.23879522504567D-04  -.10016644869130D-04  0.14205283140196D-03
  0.20155791259841D-04  -.68124824118651D-04  0.12401263940364D-03
  -.37685590908258D-04  0.49668055261117D-04  0.14458392907331D-03
  0.84061806465703D-04  -.74428078597652D-04  -.81187053824122D-04
  -.97785439698489D-04  0.20942944977333D-03  0.12771893238745D-03
  0.24411168622875D-04  -.15291080908108D-03  0.15179888856436D-04
  0.24516295994073D-04  0.34189899009000D-04  0.25565094514596D-03
  0.50355226128610D-04  -.45500819835500D-04  -.33669278082541D-03
  0.31339595449038D-04  0.60996338795045D-04  0.15358675702317D-03
  0.58987994196280D-04  -.67324021349062D-04  -.29649770155668D-03
  -.42598273474134D-05  -.21560308628669D-04  0.84143797442790D-05
  -.47107084982322D-04  0.37282382666585D-04  0.25516839506638D-04
  -.40521529505462D-05  0.34304098346371D-04  -.95912236458613D-05
  cycle =     16    SCF energy =     -644.6757057999   |dE/dxyz| =  0.000210
    3.93537424028194     -0.31543030817192      0.59250600612289      c
    1.44644784436927      3.95951646611695     -1.07365454083360      c
    5.30198172667491      1.83761022056870      0.03487452163609      c
    4.04830601893469      3.98216975289594     -0.80623500694876      c
   -6.85254185552321      1.73893647345898     -0.07998759291774      c
    1.31136052190740     -0.38130523860617      0.32780667000600      c
    0.09175810851960      1.79925580490137     -0.50513894242473      c
    1.21850859695907     -4.65704831808449      1.69585560298988      o
   -3.67208731315512      2.24862336133564      3.14668620390849      o
   -2.45345426463232     -2.88472108350822      0.67029084693953      o
    0.07901441975119     -2.80119133002166      0.96314348008764      c
   -4.25253795194134      1.97587225710535      0.96150173610791      c
   -2.49603399064935      1.90152654958412     -0.93825522398639      o
   -3.14285712950289     -4.48366797992044      1.14273174966257      h
    4.86701376165795     -1.98999451196832      1.24121775235318      h
    0.43943109718673      5.58932803640084     -1.72342212777120      h
    7.31514485955782      1.84455922997215      0.25301613200630      h
    5.08659999002979      5.66545333298078     -1.24784239337892      h
   -7.04061786378473     -0.07712558394967     -0.99819126092973      h
   -8.21495218820976      1.90887150936637      1.42459912134715      h
   -7.17846562038670      3.18626119096496     -1.48626097163892      h
  0.19650040646950D-05  -.30336190783580D-04  -.13264142105755D-04
  -.40844345995523D-04  -.41734090416118D-04  0.45482583408169D-05
  0.79394313316978D-05  -.15914158296325D-04  -.85566713246526D-04
  0.21073057399417D-04  -.61599876506626D-05  -.77762236911799D-05
  0.11673360161488D-06  -.32578939321098D-04  0.29437483823076D-05
  -.40371598853997D-04  -.13548985130719D-04  0.12840305448547D-04
  0.68613640522703D-04  0.10760359331344D-03  -.32349259016583D-04
  0.24740582493040D-04  -.22451090749856D-04  -.23154239416965D-05
  0.23333456310578D-05  0.18300223384779D-04  -.63964952899190D-05
  0.17221067176216D-04  0.16142238041130D-04  -.70050661124351D-05
  -.42890614744389D-04  0.69260807603407D-05  0.34052830099950D-05
  -.11024921798563D-04  -.11162031396821D-04  0.97930735544760D-05
  -.21550770224284D-04  -.40326109711751D-04  0.43329300601774D-05
  0.78025060040752D-05  -.57015063332627D-05  0.10515230565576D-04
  0.24576477904584D-05  0.14396967843569D-04  0.22013937565016D-04
  0.16001056564761D-04  0.15722146065834D-04  0.15042602245109D-04
  -.54623191980066D-05  0.15004751681447D-04  0.40652603188810D-04
  -.31157933123256D-05  0.61204641831285D-05  0.26761693026627D-04
  -.71670685340736D-05  0.43007309494699D-05  0.20303802730484D-05
  -.50311798572155D-05  0.15070662878692D-04  -.28190754647453D-05
  0.71954384363079D-05  0.32770639692999D-06  0.26113938043200D-05
  cycle =     17    SCF energy =     -644.6757059568   |dE/dxyz| =  0.000153
    3.93528077729017     -0.31467663280575      0.59398698316290      c
    1.44645466954584      3.95937410273195     -1.07443039567571      c
    5.30190469186538      1.83812058484754      0.03552632891359      c
    4.04830823775859      3.98210839038041     -0.80717542989554      c
   -6.85271063081759      1.74011983756574     -0.07963499608387      c
    1.31131164129508     -0.38082734066460      0.32890525309849      c
    0.09168241896101      1.79941668208879     -0.50479600019723      c
    1.21810141651113     -4.65517078910470      1.70133593764463      o
   -3.67208187398655      2.24227429597035      3.14804655881914      o
   -2.45274840993692     -2.88595504567004      0.66636612531300      o
    0.07908021897202     -2.80070190414347      0.96443334424970      c
   -4.25262789103205      1.97399557454710      0.96232510208136      c
   -2.49614085862486      1.90222811111352     -0.93751758709568      o
   -3.14223846357480     -4.48489642207710      1.13865453793810      h
    4.86696570071695     -1.98924177745998      1.24261494306161      h
    0.43942499844412      5.58866805884609     -1.72544991769009      h
    7.31522317674083      1.84465520392522      0.25218389695903      h
    5.08675725744773      5.66471004953031     -1.25099650892275      h
   -7.04172404517887     -0.07473888703928     -1.00008221523117      h
   -8.21509576876558      1.90873782634439      1.42510882464664      h
   -7.17773425558669      3.18929991249475     -1.48416302275851      h
  0.21481122606322D-06  -.14043819849120D-04  0.16036402217415D-04
  -.33253609430653D-04  -.31847981726904D-04  0.75945076481753D-05
  -.35389843372907D-06  0.10488302068932D-04  0.85449084925882D-05
  0.16566530421498D-04  0.86373591866052D-06  0.67766903832936D-05
  -.53143694719957D-05  0.13012257318493D-04  -.39464454775016D-06
  -.30756865541888D-04  -.18379026289318D-04  -.82956502891769D-06
  0.59519702211816D-04  0.85887767152229D-04  -.40703935308131D-04
  0.16068571972278D-04  -.14065900957351D-04  0.24681302660971D-04
  0.88781916036554D-05  -.15386709348870D-04  0.31038765318375D-06
  0.89230082464736D-05  0.90284830073337D-05  -.47014869969754D-05
  -.22691450222548D-04  0.54689965589311D-05  -.27203067129090D-04
  -.26276457769684D-04  0.12688112990236D-06  0.10179826608753D-05
  -.16518061104634D-04  -.37139181174453D-04  0.13850495886078D-04
  0.68517183797225D-05  -.30321684464278D-05  0.38310670675845D-05
  0.28269611929010D-05  0.71962732229386D-05  -.51040987060527D-05
  0.15591655762139D-04  0.77271199612684D-05  0.41088149515388D-05
  -.21331322886938D-05  0.14340662665689D-06  -.57387251578823D-05
  -.11829108187052D-06  -.49123132439034D-05  -.56177140377310D-05
  -.20713532350480D-06  0.94736374400958D-06  0.69458723065236D-05
  -.18477228943877D-05  0.56575646716176D-05  -.32823749922295D-05
  0.40308118896249D-05  -.77386977443893D-05  -.12380079096603D-06
  cycle =     18    SCF energy =     -644.6757058915   |dE/dxyz| =  0.000106
    3.93539332023508     -0.31513169531092      0.59352329065251      c
    1.44650686904142      3.95941196727503     -1.07354836117011      c
    5.30199454684650      1.83782938378753      0.03563343072830      c
    4.04835656205159      3.98209152582459     -0.80632087756378      c
   -6.85252916750788      1.73893483770730     -0.08030521076539      c
    1.31139669717688     -0.38106977904284      0.32887295341963      c
    0.09173246784153      1.79935279104544     -0.50425790422145      c
    1.21858307153785     -4.65749129514348      1.69481554439791      o
   -3.67272357284059      2.24875427772091      3.14698519494864      o
   -2.45355908964279     -2.88421268475394      0.67151500469568      o
    0.07906881964478     -2.80115335439552      0.96344907172386      c
   -4.25274726575122      1.97596798072359      0.96169320403679      c
   -2.49593752719782      1.90175898501196     -0.93775568278578      o
   -3.14307299617886     -4.48338321090935      1.14298217929897      h
    4.86711371473415     -1.98994931593462      1.24147737272338      h
    0.43951171222025      5.58865487551479     -1.72476156027249      h
    7.31532529918023      1.84428364977985      0.25220856681800      h
    5.08679151207120      5.66480545596694     -1.24976288557556      h
   -7.03905094845740     -0.07545234241615     -1.00212096327444      h
   -8.21505682972363      1.90471145512880      1.42462490763261      h
   -7.17970418723633      3.18878632384133     -1.48370551310965      h
  -.93389205694499D-05  -.14480882431689D-04  -.34083649856078D-05
  -.30506245412174D-04  -.22928128832303D-04  0.17709923811855D-04
  -.56296721852954D-06  0.10938516141321D-04  -.54204931792198D-05
  0.14358931629355D-04  -.10853137933117D-05  0.10068909088652D-04
  0.60526336547080D-06  -.26765589753623D-05  0.71135699379436D-06
  -.74193285260465D-05  -.97422629440308D-05  0.71541661815964D-05
  0.33819184093952D-04  0.59098233669397D-04  -.10321269752400D-04
  0.99022118081470D-05  -.11712423307330D-04  -.20946792339061D-04
  0.85971587211807D-06  0.23623467984844D-04  -.20781736492573D-05
  0.18015835587470D-05  0.10026440533684D-04  0.20488046797810D-04
  -.14953209523456D-04  -.83991130405510D-07  -.67121735564999D-05
  -.24180339448510D-05  -.13624770573736D-04  -.12753632543175D-05
  -.14928090330194D-04  -.28166313268720D-04  0.29649939832163D-05
  0.30591602585622D-05  -.10159091447442D-05  0.12539783049805D-05
  0.26964780618429D-05  0.54004167038918D-05  0.36469148067038D-06
  0.14571839657300D-04  0.37599908044011D-05  -.83949721068100D-05
  -.16656528236723D-05  0.26661436214283D-06  -.14591311775663D-05
  -.12512896695634D-05  -.22325232311224D-05  -.99621249406139D-06
  -.27217216111437D-05  -.12938950230605D-05  0.18174634528403D-05
  -.14259323506509D-06  0.23782579634561D-06  -.16886675903866D-05
  0.42345807446202D-05  -.43060691118374D-05  0.16712585451670D-06
  cycle =     19    SCF energy =     -644.6757060156   |dE/dxyz| =  0.000072
    3.93526260793261     -0.31482224359643      0.59386853158167      c
    1.44675184897596      3.95944311944350     -1.07432141757213      c
    5.30208711218670      1.83774933129628      0.03509266730627      c
    4.04861835693311      3.98188827729611     -0.80748010625360      c
   -6.85247963474432      1.73921399645279     -0.07994357398999      c
    1.31124312437842     -0.38060912631363      0.32937238241758      c
    0.09172268550631      1.79969437962837     -0.50422235826301      c
    1.21757519533458     -4.65537981104734      1.70045674801297      o
   -3.67254843328530      2.24433565240579      3.14793854369739      o
   -2.45330495642132     -2.88488797668554      0.66784599054162      o
    0.07872416637641     -2.80038343726070      0.96473952774788      c
   -4.25264400768344      1.97468041552566      0.96227287904980      c
   -2.49593881711778      1.90295229713548     -0.93733733088840      o
   -3.14309280677611     -4.48380055375301      1.13977956474390      h
    4.86676751109250     -1.98944190586122      1.24267216601095      h
    0.43974449443461      5.58860047238228     -1.72573641309088      h
    7.31540565732722      1.84413299925953      0.25181623013304      h
    5.08717522715951      5.66443383107826     -1.25129837471195      h
   -7.03906522273328     -0.07406929506865     -1.00397640694083      h
   -8.21493651458989      1.90300758108308      1.42526816586093      h
   -7.17967458624157      3.19076182802064     -1.48156565305559      h
  -.99541217953383D-05  -.10565564706631D-04  -.17201756592828D-04
  -.19842578451083D-04  -.87547254402237D-05  0.13434506280692D-04
  0.64378124811758D-06  0.35230646746489D-05  -.15814408419301D-04
  0.10183138979018D-04  -.64472636016527D-05  -.69184614194161D-05
  -.30191357728790D-06  0.33555698171698D-04  -.18845612781947D-05
  0.77390925262225D-05  -.75831415923770D-06  0.13074882951073D-04
  0.21307418258077D-05  0.19437825768836D-04  0.15231955491111D-04
  -.25084447114117D-05  0.61024853656812D-05  0.11909645185900D-04
  -.17937916992939D-05  -.45890336924158D-05  0.12974794315439D-05
  0.14888408967853D-05  -.53348780797886D-05  0.83495690340711D-06
  -.35293414087628D-05  -.38119876788238D-05  -.21513832222675D-04
  0.94869818156491D-05  -.51484581555135D-05  -.10364730476317D-05
  -.43760460154869D-05  0.10449053345122D-06  -.83331920937499D-05
  0.22227436700222D-06  -.10547841674438D-05  0.47520732140672D-06
  0.13088603686961D-05  0.41396507519026D-05  0.95907605650994D-05
  0.85780499528008D-05  0.21783125803356D-05  -.78005686714470D-05
  -.64456403418276D-06  0.29704874126839D-05  0.77312555437990D-05
  -.12272015801170D-05  0.23136584542223D-05  0.57097909786607D-05
  -.32885986889111D-06  -.90188562391763D-05  0.38390648121337D-05
  0.43984933017333D-06  -.90046714058978D-05  0.49277206922924D-06
  0.22862349684546D-05  -.98347983949202D-05  -.31200039677791D-05
  cycle =     20    SCF energy =     -644.6757060486   |dE/dxyz| =  0.000068
    3.93534973131099     -0.31478138514725      0.59419293302061      c
    1.44655754145054      3.95897410275431     -1.07488089793130      c
    5.30196700254329      1.83794462720194      0.03554960923658      c
    4.04834384045239      3.98185566568866     -0.80742182101630      c
   -6.85253498609727      1.73964110169078     -0.08003040968479      c
    1.31139443527248     -0.38100400925916      0.32906969502521      c
    0.09170933441107      1.79903921949156     -0.50494389955504      c
    1.21805393033649     -4.65589810084730      1.69985158177686      o
   -3.67221105374318      2.24494626337019      3.14744788539439      o
   -2.45312046479558     -2.88504581357892      0.66879733562419      o
    0.07902933468901     -2.80076246609020      0.96475863414740      c
   -4.25255041229805      1.97474040326268      0.96191684521740      c
   -2.49599342517113      1.90217649929918     -0.93782433380486      o
   -3.14293866886139     -4.48385082892622      1.14103485016785      h
    4.86699562806012     -1.98937553884863      1.24286373369795      h
    0.43930413264577      5.58813805340516     -1.72589874539133      h
    7.31528430790445      1.84449621017989      0.25227297667723      h
    5.08674192470698      5.66452842700590     -1.25112917930333      h
   -7.03885333389110     -0.07254103480845     -1.00621154295135      h
   -8.21471088722351      1.90144311664899      1.42565079400388      h
   -7.18042490365743      3.19283531892813     -1.47982428201362      h
  -.88407148489693D-05  0.51957823038198D-05  0.24998542295968D-04
  -.48660934205249D-05  -.10468897704328D-04  -.20282408663064D-04
  -.73793701395129D-07  0.74021980294432D-05  0.85937145638631D-05
  0.41945941062992D-05  0.16818116422500D-06  0.44206817970595D-05
  -.31608080216829D-05  0.24497737810141D-04  -.39488213314249D-06
  0.10690419461116D-04  -.87666577512405D-05  -.14102939234816D-04
  -.36232987169187D-06  -.33385724473416D-05  -.28349067673331D-04
  0.23348981318052D-08  -.16647789045452D-05  -.14726295475845D-04
  0.24621115771489D-05  0.11568595728839D-04  0.15352671529911D-06
  -.16988941469044D-05  0.12998531881783D-06  0.82366949330199D-05
  0.43903425535478D-05  0.17449377590045D-05  0.93818112831603D-05
  -.61442056618656D-05  -.90594892877454D-05  -.20303061826973D-05
  0.10284806239609D-05  -.65012686708919D-05  0.12536347917154D-04
  -.17332565338116D-05  0.20301517397765D-05  0.34404088784994D-05
  0.20633435205616D-05  -.15716743123252D-05  -.60525520024092D-05
  0.16672570490370D-05  0.59246314581812D-05  0.13360975881552D-04
  0.36980228560886D-06  -.21377437852513D-05  -.45313804607185D-05
  -.14405085399069D-05  0.18926172155910D-05  0.41279446333196D-05
  0.12632503534175D-05  -.28678932888247D-05  0.11495909203747D-05
  0.46820384093024D-06  -.98194437610938D-05  0.10674013895658D-05
  -.27855795712954D-06  -.43560656604065D-05  -.99879582066408D-06
$end
