$hessapprox internal
  0.105058360209D+01  0.149380480678D-02  0.461332876976D+00 -0.229386765630D-02
 -0.393203531502D-02  0.199922655853D+00 -0.136775677395D-02  0.920755220733D-03
 -0.156624157340D-02  0.103299474433D+01 -0.144356125852D-02  0.360661523991D-02
  0.768481661600D-02 -0.969824507839D-02  0.431762339334D+00 -0.116162991133D-02
  0.261946372300D-03  0.195397413802D-01 -0.421205019179D-02 -0.359635503147D-02
  0.205119019871D+00  0.531346935268D-03  0.409349546670D-04 -0.394799702951D-02
  0.162837799670D-02 -0.211853367065D-03 -0.172635035407D-02  0.271947807975D-01
 -0.277724888693D-02  0.151724316018D-02  0.316734302935D-02 -0.842829374129D-02
 -0.116769126350D-01 -0.182184987978D-02  0.248538496115D-03  0.571075400816D+00
  0.261679292729D-02 -0.654700364405D-02 -0.683249411319D-02  0.729447400539D-02
  0.267164930666D-01  0.600030894409D-02 -0.757973876355D-03  0.158715817937D-01
  0.335698973670D+00 -0.384637279056D-03  0.695800096705D-03  0.307931898184D-02
  0.110834169929D-02 -0.556612155145D-02  0.460910280094D-03  0.102462325293D-03
 -0.328052488209D-02  0.587877845483D-02  0.433150494905D+00 -0.220880417199D-02
  0.125349484159D-02 -0.205676882183D-02 -0.387736296924D-02 -0.615595118022D-02
 -0.355298644113D-02  0.179967199383D-04 -0.417912293449D-02  0.150255579474D-01
 -0.169739369077D-02  0.362190635277D+00 -0.221165787252D-02  0.604374566556D-05
 -0.918838684892D-03 -0.123146448907D-01 -0.223585300892D-02 -0.958813362030D-02
  0.684750225961D-03 -0.481591018873D-02 -0.594679294568D-03 -0.213880114481D-02
  0.119489172335D-03  0.131802598757D+00 -0.153167900019D-03  0.813935151274D-03
  0.267847551542D-02  0.665606908239D-03 -0.491794346099D-02  0.332619811378D-03
  0.785235540547D-04 -0.307402314009D-02  0.570909964516D-02 -0.627755188224D-03
 -0.177208672453D-02 -0.144459616265D-02  0.437708389889D+00 -0.378305379436D-02
 -0.248263599421D-03 -0.799595533801D-02 -0.107573032226D-02 -0.304903111511D-02
 -0.389540815231D-02 -0.414688735418D-03 -0.316092549347D-02  0.123203649920D-01
 -0.163770763837D-03 -0.620780370334D-02  0.157544137253D-02 -0.633245645565D-03
  0.357600298607D+00 -0.752111061058D-03  0.418476830097D-03 -0.620570434530D-02
 -0.409953215284D-02 -0.351369957408D-03 -0.439180862018D-02  0.231024619848D-02
 -0.197036940509D-02 -0.866132111470D-03 -0.111613520757D-02  0.961314208572D-03
  0.627080896294D-02 -0.724076997814D-03  0.247443294663D-02  0.114534626269D+00
 -0.316325990772D-03  0.706716957494D-03  0.253339431648D-02  0.482493876404D-03
 -0.492932236147D-02  0.438249703942D-03  0.839081643125D-04 -0.301954770107D-02
  0.557648593680D-02 -0.655511351517D-03 -0.168064646725D-02 -0.164067067730D-02
 -0.621325865988D-03 -0.572442390803D-03 -0.869708785678D-03  0.436114137932D+00
  0.244798322192D-03  0.509533584754D-05 -0.801164703779D-03 -0.113456667648D-03
  0.510074812092D-03 -0.329482969169D-03  0.770679590151D-04  0.314994200213D-03
 -0.114218307368D-02  0.257676878922D-04  0.327432453901D-03 -0.876356371521D-04
  0.612831513680D-04  0.491977041985D-03  0.180265243095D-03  0.591852860567D-04
  0.369017393398D+00  0.365383749400D-02  0.176869047006D-02 -0.806411028100D-02
  0.722557756831D-02  0.280793087570D-02 -0.596944126499D-02  0.838651165194D-04
  0.287028513292D-02 -0.593420919834D-03  0.170891841421D-02  0.188551457792D-02
 -0.343125940419D-01  0.124377682296D-02  0.260129484924D-02 -0.130996942933D-02
  0.153725905303D-02  0.306499189115D-03  0.108026977178D+00 -0.105839776972D-03
  0.707617526663D-03  0.235460817395D-02  0.919870793540D-03 -0.459263207480D-02
  0.539025418551D-03  0.830422619855D-04 -0.276759184232D-02  0.498236236205D-02
 -0.540290433703D-03 -0.154090319764D-02 -0.154239270756D-02 -0.504261870459D-03
 -0.389509775750D-03 -0.807216697239D-03 -0.544161053409D-03  0.355044125796D-04
  0.149529543488D-02  0.436849066650D+00  0.287249443758D-03 -0.346485751611D-03
 -0.858293327539D-03  0.964769202078D-03  0.128597283210D-02  0.355694175599D-03
 -0.512111337976D-04  0.757509353911D-03 -0.279082612743D-02  0.452406521027D-03
  0.568836653103D-03  0.620149848838D-03  0.438239218121D-03  0.176817686348D-03
  0.757864964658D-03  0.406879202563D-03 -0.446779727018D-04 -0.397310828769D-04
  0.383480178508D-03  0.369555552433D+00  0.377868732457D-02  0.286953067520D-02
 -0.332839728967D-02  0.433676862319D-02 -0.361770717654D-02  0.515114637191D-02
  0.133702347653D-02 -0.137902744702D-02  0.109961426216D-02 -0.113004330848D-02
  0.829405728554D-03  0.111587953079D-01 -0.128530843900D-02  0.249019407523D-03
 -0.265562194427D-01 -0.764873045811D-03  0.491921962112D-03  0.309484902865D-01
 -0.516802896466D-03 -0.367045351107D-03  0.123735333350D+00 -0.102221761167D-02
 -0.366745582645D-03  0.411961029838D-02 -0.484300809180D-03  0.181238896018D-03
 -0.211504644859D-04 -0.717350865549D-04 -0.375388920913D-03  0.219280272347D-02
  0.101848873681D-03 -0.843023870000D-03 -0.379717884533D-03 -0.273651464026D-04
 -0.319912618320D-02 -0.777877642488D-03 -0.893321602236D-04  0.396084384760D-03
 -0.459262021839D-03 -0.786772469071D-05 -0.138474517275D-03 -0.328361081044D-03
  0.467395406264D-02 -0.610880700678D-05  0.477510889863D-03  0.164395938995D-02
  0.134049557011D-02 -0.320626228609D-02  0.252247746585D-02 -0.163950419536D-03
 -0.174509678943D-02  0.265836255046D-02 -0.336529958163D-03 -0.727770490574D-03
 -0.121394689736D-02 -0.309182209400D-03  0.121269133300D-02 -0.144033682364D-02
 -0.281078668373D-03 -0.145295120695D-03  0.379238671966D-04 -0.221485696264D-03
  0.403319121380D-03 -0.532590949046D-03  0.218736569636D-02  0.427518811683D+00
  0.655351246522D-03  0.105918029015D-02  0.175171824900D-02  0.383097528821D-03
 -0.408720880075D-02 -0.235264260769D-02  0.281139386530D-03 -0.266699650478D-02
  0.510109007391D-02 -0.682586406356D-03 -0.162353746381D-02 -0.243114239174D-03
 -0.527796766501D-03 -0.152561639491D-02  0.662218880566D-03 -0.654309969835D-03
  0.199952978361D-03  0.150823735593D-02 -0.552704217679D-03  0.215966744654D-03
 -0.139718532615D-02 -0.195047224469D-02  0.836339732937D-03  0.426522745146D+00
 -0.754589045175D-03  0.672720540117D-03  0.265807955848D-02 -0.113586870245D-02
 -0.520427821257D-02  0.557401829133D-03  0.116018708864D-03 -0.315698981124D-02
  0.656493949861D-02 -0.100662878463D-02 -0.177780761112D-02 -0.205565761038D-02
 -0.962883382483D-03 -0.827464005415D-03 -0.113262238547D-02 -0.955868439933D-03
  0.102760557307D-03  0.153733569534D-02 -0.849500582272D-03  0.407716347310D-03
 -0.312485994237D-03 -0.135354580935D-03 -0.542199725003D-03 -0.894711048869D-03
  0.424423468800D+00 -0.199816238769D-04 -0.340680444903D-04  0.443034400493D-03
  0.609894318437D-03  0.140376626196D-03  0.112218503514D-03 -0.237734336091D-04
  0.189272917278D-03  0.275618525075D-03  0.254107242668D-03 -0.234907547924D-03
 -0.125080824260D-03  0.194389863820D-03 -0.146542670562D-03  0.278969212453D-03
  0.195138961642D-03 -0.361700926808D-04 -0.219050090344D-03  0.184274937100D-03
  0.308583727020D-04  0.223959170018D-04  0.845963387525D-04  0.209166334379D-03
  0.336820797641D-04  0.161722257851D-03  0.329970322115D+00  0.324934366746D-03
 -0.237639172157D-02 -0.285323852027D-02  0.156392919867D-02  0.756667967323D-02
  0.154329108414D-02 -0.996347579251D-04  0.455139231166D-02 -0.156825318732D-01
  0.185834406968D-02  0.463882585389D-02 -0.575138655159D-03  0.174333000634D-02
  0.288065987214D-02  0.150934101165D-03  0.166126364318D-02 -0.124722005602D-03
  0.703963684863D-03  0.150615700834D-02 -0.958062526469D-03  0.914380300511D-03
 -0.174753793845D-02  0.206895517318D-02  0.383923327761D-03  0.195288528970D-02
  0.144958280061D-03  0.317105437050D+00 -0.100500514247D-02 -0.403254694579D-03
  0.333547831690D-02  0.209074912407D-02  0.230244026374D-02  0.986009772908D-02
 -0.849002804851D-03  0.472935602532D-03 -0.432032421645D-02  0.400485543164D-03
  0.138106208726D-02 -0.216979545527D-02  0.325919185134D-03  0.464961440698D-02
 -0.650270655276D-02  0.574451295460D-03 -0.603813484721D-03 -0.446821012851D-02
  0.647750959541D-03  0.536658129821D-03 -0.116679920411D-02  0.802826933285D-02
 -0.488000243575D-02  0.581356186917D-02  0.189997704719D-03  0.458899766841D-03
  0.357792624441D-02  0.296088521509D+00 -0.105322194314D-02  0.731258100377D-03
  0.520399778252D-03 -0.584757425246D-02 -0.464993404822D-02 -0.442750104954D-03
  0.864744342686D-04 -0.254018939106D-02  0.818857695435D-02 -0.178417977405D-02
 -0.177338517167D-02 -0.789126617983D-03 -0.165192059495D-02 -0.199465738374D-02
 -0.683432244439D-04 -0.158289724370D-02  0.319569961495D-03  0.635366354293D-03
 -0.153494113184D-02  0.256856387111D-03  0.336790927476D-03 -0.947087362110D-03
 -0.651454213693D-03 -0.177314511320D-02 -0.136258268554D-02 -0.108464780006D-03
  0.195458723723D-02  0.192395681565D-02  0.336396234730D+00 -0.626903225019D-03
  0.584151644905D-03  0.212100510739D-03 -0.446347960938D-03 -0.137652466738D-02
  0.174211525966D-02 -0.261615760362D-03 -0.173548078925D-02  0.283235896492D-02
 -0.726442877907D-03 -0.940193103862D-03 -0.667902888713D-04 -0.619575139448D-03
 -0.239460531532D-03 -0.187897083624D-02 -0.567879881257D-03 -0.630663745362D-04
  0.201514691170D-03 -0.469097964045D-03  0.330376430517D-03  0.270994542710D-05
  0.184438868166D-02 -0.180788611727D-02  0.125668411007D-02 -0.795815409631D-03
  0.647310844118D-04  0.218556311030D-02 -0.706211422082D-02 -0.752500495179D-04
  0.337024555821D+00  0.426826833148D-02  0.214854968927D-02 -0.154941835071D-01
  0.125931390403D-02  0.471922460639D-02 -0.382457285977D-01  0.211011596288D-02
  0.751897911953D-03 -0.246918035848D-02 -0.511355964639D-03  0.207056979054D-02
  0.616666883715D-02  0.121197520042D-03  0.212308040358D-02  0.271425288014D-02
 -0.295227342091D-03  0.447507549513D-03  0.643466619526D-02 -0.387958316983D-03
 -0.219480045288D-03 -0.620192232322D-02 -0.144985876446D-02 -0.112170495377D-02
  0.228190935884D-02 -0.774338202098D-03 -0.745611367889D-03 -0.232257625449D-02
 -0.145630081078D-02 -0.848235784018D-03  0.246228316846D-02  0.657365633450D-01
 -0.333677370505D-03  0.129794123533D-02  0.190643350674D-03 -0.482929416965D-02
 -0.503309504635D-02 -0.101199140692D-02  0.325891897832D-03 -0.308223645748D-02
  0.778822999386D-02 -0.193218030700D-02 -0.156697193068D-02 -0.166594929081D-02
 -0.170081748340D-02 -0.704024311992D-03 -0.899208611838D-03 -0.164256993761D-02
  0.193382020609D-03  0.154164473797D-02 -0.156269189796D-02  0.382775712265D-03
  0.866908187172D-03  0.329040918798D-03 -0.147823806262D-02 -0.971476795566D-03
 -0.153863754126D-02 -0.101728904585D-03  0.261841812137D-02 -0.136994386836D-02
 -0.554863477401D-03 -0.893770962464D-03  0.125820813686D-02  0.417227029041D+00
 -0.184812764577D-02 -0.155202770429D-03 -0.245307815792D-02 -0.213636865428D-01
 -0.205296854343D-02  0.570935857088D-02  0.241612633290D-03 -0.367642751903D-03
  0.291743422042D-02 -0.424277722419D-02  0.135373509765D-02 -0.363389525499D-03
 -0.362859333099D-02 -0.812086000298D-03  0.134367660594D-03 -0.334276794779D-02
  0.414688669389D-03 -0.108721134347D-02 -0.351201399403D-02 -0.480601007861D-03
  0.498357687571D-02 -0.211157837496D-03 -0.243118542314D-02 -0.327880910519D-02
 -0.160873221952D-02 -0.559943056417D-03  0.344186417698D-03  0.230699322294D-03
  0.391632449037D-02 -0.390798600823D-04 -0.940792399310D-02  0.279606649068D-02
  0.418406622458D+00  0.267126328144D-02  0.288515426532D-04  0.376253128050D-01
 -0.260691579242D-02  0.364980879164D-02  0.658264515787D-02 -0.707057635705D-03
  0.155988775513D-02 -0.231108121247D-02 -0.278807513697D-03  0.157112005868D-02
 -0.574088095362D-02  0.209634975688D-03  0.184204086402D-02 -0.111201087360D-01
 -0.446396656414D-04 -0.455990487546D-03 -0.853739326125D-02 -0.123870662535D-03
 -0.451581055311D-03 -0.600311083027D-03  0.197813043540D-02  0.120301272328D-03
 -0.428072353256D-03  0.227943265342D-03  0.204069431344D-03 -0.326985927877D-02
  0.548548731973D-02 -0.429693720646D-03  0.156679768150D-02 -0.260167523061D-02
 -0.279234034028D-03 -0.101612439809D-02  0.484453701711D-01  0.131276281996D-02
  0.113463973933D-02  0.781798134100D-03 -0.329633996876D-02  0.286066766469D-02
 -0.915874729690D-03  0.308813292922D-03  0.350131913308D-02  0.387234145423D-02
  0.727289858132D-04 -0.183399241576D-03  0.236526539223D-02  0.938184564715D-04
  0.918027353852D-03  0.181584207256D-02  0.258333142041D-03 -0.259117663681D-04
 -0.303087994038D-02  0.132037653063D-04  0.147755056748D-03 -0.687561081953D-04
  0.107703710496D-02 -0.216146884788D-03 -0.348991810203D-04  0.816977384652D-03
 -0.764149824995D-03  0.220948041173D-02  0.773731940148D-03  0.180105143221D-02
  0.108874932632D-02 -0.188965893721D-02  0.136410359825D-02  0.833787263915D-02
 -0.245106059620D-02  0.658025798394D+00 -0.195602971104D-01 -0.106600079671D-01
  0.393518872818D-02  0.206678609931D-02  0.321189894222D-02 -0.701563817423D-03
 -0.484796371016D-02  0.378561725299D-02  0.471933016463D-02 -0.877582131215D-03
  0.277648800846D-02  0.952779238056D-02 -0.287210434696D-02 -0.220003720742D-02
  0.613119686556D-03 -0.189604072370D-02  0.162422274022D-03 -0.111332049709D-01
 -0.196643983008D-02 -0.140299169464D-02 -0.212969961649D-01 -0.269215409133D-02
 -0.140277428271D-02 -0.414022412323D-02 -0.800077999041D-03  0.116017945621D-02
  0.632980064872D-04 -0.474745236505D-02  0.237273847202D-03 -0.353011031856D-02
 -0.106353060211D-01 -0.781441902095D-03  0.448537028476D-02  0.775897491191D-02
  0.643489912147D-02  0.509008219006D+00 -0.459654189805D-02 -0.192149755786D-02
  0.291762282813D-02  0.304923356385D-02 -0.332777272603D-02  0.643524222622D-03
 -0.113083148889D-02 -0.162976566985D-02  0.489507969783D-02 -0.583638691682D-03
 -0.448737660567D-03  0.167496753759D-02 -0.102426088483D-02 -0.332008733033D-03
 -0.520832169133D-03 -0.840003424648D-03  0.625100865045D-04 -0.173327407899D-02
 -0.735496123727D-03  0.329011940383D-04 -0.594295675654D-02 -0.617589072742D-03
 -0.599690317952D-03 -0.118075558984D-02 -0.979161461664D-03  0.524345572834D-03
  0.122426537935D-02 -0.140070970480D-02 -0.154086253913D-02 -0.138468772572D-02
 -0.222510977121D-02 -0.178440286689D-02 -0.350444743234D-02  0.124084281347D-02
  0.151856912890D-02  0.206641912161D-01  0.444911568827D+00 -0.149862038100D-01
 -0.965821370778D-02  0.306405201704D-02  0.811496208640D-02  0.437206278871D-02
 -0.933718192440D-02 -0.214746827449D-02  0.482589938343D-02 -0.327166646525D-02
  0.509737951076D-03  0.549998535321D-02  0.108441795654D-02 -0.145130908792D-02
  0.268003132262D-02 -0.260771271089D-02 -0.692130820981D-03  0.215953898759D-03
 -0.385493031450D-02 -0.700189372865D-03 -0.135384661519D-02 -0.905978115939D-02
 -0.344782844015D-02 -0.705425953196D-03 -0.250061832240D-02 -0.310779510486D-04
  0.141998783338D-02 -0.322068920407D-02 -0.614942270149D-02 -0.326319271798D-03
 -0.398800112789D-02 -0.335719087376D-02 -0.454305408067D-03 -0.237674700516D-02
  0.755987965090D-02  0.467207754722D-02  0.800386688988D-01  0.171670575639D-01
  0.476398235820D+00 -0.760811790285D-03  0.413395791164D-02 -0.191904597660D-01
 -0.104780629495D-01 -0.490703538735D-02  0.203285066726D-01 -0.517234043587D-02
 -0.816857377735D-02  0.531829964753D-02 -0.203597672597D-02 -0.318638364350D-02
  0.245554676848D-01 -0.117861537359D-02 -0.591836856104D-03 -0.199203643773D-02
 -0.143069971622D-02 -0.332843905448D-03  0.806909450790D-03 -0.103256444031D-02
  0.114955922272D-02 -0.723950542345D-02 -0.977246393480D-03  0.573646808591D-04
 -0.235246367240D-03 -0.229488696669D-02 -0.739160316699D-03  0.374582950593D-02
  0.897615652240D-03 -0.140192687437D-02  0.253928212218D-02 -0.183567391324D-01
 -0.156762270674D-02  0.380120988497D-03 -0.376029745200D-01  0.221379717876D-02
  0.585399389062D-02  0.280882537711D-02 -0.166221712270D-01  0.188328732430D+00
 -0.261628243605D-02 -0.230169879817D-02 -0.192804084293D-01  0.802414822073D-03
  0.223562843729D-02 -0.339785033961D-01  0.238725853617D-02  0.159930085167D-02
 -0.145730112512D-02 -0.110091600125D-02  0.177617632004D-02  0.405143069632D-02
 -0.135289690770D-02 -0.150108896868D-02  0.388625115295D-02 -0.124759146582D-02
  0.641414691597D-03  0.624390665483D-02 -0.131417489570D-02 -0.643521569178D-03
 -0.250064291020D-02 -0.916349034760D-03 -0.271213462003D-02  0.995338270655D-03
 -0.100370438785D-02  0.283527160607D-04 -0.121284717248D-02 -0.942767351633D-02
  0.308924720064D-03 -0.298513395971D-02  0.313782064575D-01  0.120703113853D-02
 -0.125805615954D-02  0.392192868791D-03  0.236077379553D-02  0.784946688578D-02
  0.577527821230D-04  0.198515775350D-01 -0.408227270484D-01  0.481020260115D-01
 -0.369418630999D-02  0.823842885762D-03 -0.203659684760D-02 -0.166450130329D-01
 -0.108594955721D-01 -0.397567305774D-02  0.484995343213D-03 -0.767676903309D-02
  0.125405272054D-01 -0.557484288434D-02 -0.206564097242D-02 -0.575547772690D-02
 -0.505318159368D-02 -0.232248550960D-02 -0.317018717735D-02 -0.485793223594D-02
  0.333393499831D-03  0.630556867386D-02 -0.468847987307D-02  0.181589770260D-03
  0.623643683007D-02  0.117311192110D-02 -0.439908666600D-02 -0.311764124476D-02
 -0.405819605939D-02  0.560914071100D-04  0.394670013219D-02 -0.512700960982D-02
  0.912864452041D-04 -0.358429592529D-02  0.287805358828D-02 -0.131341872102D-02
  0.103281335564D-01  0.465292038880D-02  0.942454630298D-02  0.891593094107D-02
 -0.313888537501D-02  0.965969559946D-02 -0.169066917580D-01  0.827498762864D-02
  0.557300898441D+00 -0.145163978531D-03 -0.839333879207D-02 -0.151695237075D-01
 -0.233579274407D-02  0.347536725670D-01 -0.131470348118D-01  0.133669319590D-02
  0.214480974277D-01 -0.570499581218D-01  0.546026172692D-02  0.204541969566D-01
 -0.106068294514D-01  0.487222850412D-02  0.171183066682D-01 -0.711626795338D-02
  0.506734614507D-02 -0.674449496709D-03  0.394416487082D-02  0.421323537682D-02
 -0.359907436650D-02  0.854562559498D-02 -0.926032246047D-03  0.240754167743D-02
  0.422262011561D-02  0.722371974309D-02 -0.268038685778D-03 -0.189931223791D-01
 -0.574187113222D-02  0.117866815026D-01  0.319508779062D-02  0.900025201013D-02
  0.116414005036D-01  0.143884157679D-01 -0.813761140258D-02  0.537778032106D-02
  0.277879658318D-01  0.868575810523D-02  0.172661422933D-01 -0.190607185338D-01
  0.257812182796D-01  0.307018163377D-01  0.362477919047D+00 -0.343723846073D-02
  0.131104190122D-02 -0.867119117948D-02 -0.171330701861D-01 -0.484706844070D-02
 -0.992719574299D-02  0.114168330266D-02 -0.323481603913D-02  0.169856850793D-01
 -0.420182737664D-02 -0.325207720727D-02 -0.418992722867D-02 -0.412212207995D-02
 -0.597616855546D-02 -0.211101196113D-02 -0.373946736361D-02  0.798815092403D-03
  0.185402719737D-02 -0.366340703402D-02  0.178048673871D-03  0.611965920817D-02
 -0.953741680373D-03 -0.314286519039D-02 -0.250246969443D-02 -0.268076048667D-02
 -0.732348387056D-03  0.505372837666D-02 -0.354828268298D-02  0.106718823444D-02
 -0.214386164938D-02  0.590416827875D-02  0.795066871300D-03  0.161158829780D-01
  0.252577064012D-02  0.390555344656D-02  0.872897114882D-02 -0.208615761306D-02
  0.109041387470D-01 -0.140390986017D-01  0.128017806280D-01  0.937883918605D-02
  0.359244736905D-01  0.556224089379D+00 -0.354051362108D-02 -0.242307672032D-02
  0.224595053765D-01 -0.137943425379D-02 -0.934208907782D-02 -0.107026528828D-01
 -0.341961325793D-03  0.291705467508D-03  0.245215256297D-02 -0.523198233759D-02
  0.979735973679D-02 -0.657947154298D-03 -0.498490419871D-02  0.212402287633D-01
 -0.226205939576D-02 -0.464653704066D-02 -0.405440993866D-03 -0.115698681774D-02
 -0.495937258075D-02 -0.453092627954D-03 -0.555188065449D-02  0.141322537426D-02
 -0.382335326393D-02 -0.659949875545D-02 -0.328175928284D-02  0.678311098387D-03
 -0.130867270166D-02  0.440093541946D-02 -0.881187408949D-03  0.102355776148D-02
 -0.211836534059D-02 -0.253310397002D-02  0.135946947219D-02  0.416932131488D-03
  0.862089904181D-04  0.875148462311D-01  0.152841720745D-01  0.713590812859D-01
 -0.163085433358D-01  0.323117585958D-01  0.843403182350D-02  0.205594491966D-01
  0.218267133595D-01  0.420133131901D+00  0.330353382633D-02 -0.158545963425D-02
  0.331359720938D-02  0.117315526217D-01  0.220682565023D-02 -0.173655442863D-01
  0.484555707699D-02  0.739187086960D-02 -0.376824595120D-02  0.274115924577D-02
  0.252073848388D-02 -0.961932375447D-02  0.209226108054D-02  0.265949275911D-02
 -0.368678153799D-01  0.216141853119D-02  0.191405330972D-03 -0.480509246759D-02
  0.186096707613D-02 -0.361022673492D-03 -0.788149653226D-02 -0.124358261439D-02
 -0.951064248411D-04  0.187645734477D-02  0.267627470176D-02 -0.250634435817D-03
 -0.158831393242D-02 -0.437634187629D-02  0.131799513055D-02 -0.237801312720D-02
  0.137585841228D-01  0.278407848205D-02  0.408516731386D-02  0.136179069824D-01
 -0.327796250409D-02 -0.914862632711D-02 -0.242112425951D-02  0.622372240962D-02
 -0.458472838734D-01  0.301220895372D-01  0.144475329688D-01  0.106196653342D-01
  0.128347104930D-01  0.410644369979D-02  0.170533114219D+00  0.554251704107D-03
  0.156713728138D-02 -0.305386915456D-03  0.219057402509D-02 -0.545999617336D-02
 -0.107147041237D-02  0.341571743480D-03 -0.473717286784D-02  0.679207261229D-02
  0.442548523161D-04 -0.397297564095D-02 -0.200184515731D-02  0.871522641971D-04
 -0.411528541160D-02 -0.172745524082D-03 -0.104100288990D-03  0.833478819588D-04
  0.377174712291D-02  0.117425025765D-03  0.584856840880D-03  0.345524767044D-03
 -0.931518039699D-03  0.840850379467D-03 -0.257090033741D-03 -0.881801470987D-03
  0.146332101273D-03  0.181509751608D-02  0.297673117790D-02 -0.278462834402D-02
 -0.798922116811D-04  0.233852841906D-02 -0.212218815292D-02 -0.798270925608D-02
  0.196663001774D-03 -0.807611758321D-03 -0.127759692136D-01 -0.219984407307D-02
 -0.747628027725D-02 -0.152917405133D-02 -0.319617931613D-02 -0.886285538464D-02
  0.271945092197D-02 -0.914434418026D-02 -0.565623865339D-02  0.381361769295D-02
  0.606803478271D+00  0.371119102552D-02  0.253094990368D-02  0.591497207578D-02
  0.148162719361D-02 -0.269012269926D-02  0.198093489502D-02  0.802813898101D-03
 -0.189577382764D-02  0.140901790920D-02  0.969624718392D-05 -0.667758495291D-03
 -0.999386545312D-03  0.435875719560D-03  0.259978884023D-02 -0.146946323466D-02
  0.248898444305D-03 -0.145266879365D-03  0.101974630701D-03  0.314242579388D-03
  0.690984421980D-03 -0.442865191400D-05  0.132731279799D-02 -0.255494634325D-03
  0.106336074746D-02 -0.261454467201D-03 -0.210005652887D-04  0.125955659988D-02
 -0.141104234263D-02 -0.822301230527D-03 -0.211547382460D-03  0.826482629399D-03
 -0.124889086411D-02 -0.344853141489D-02 -0.952095897940D-03 -0.263041977242D-02
 -0.164017214608D-01 -0.341399580768D-02 -0.143084340498D-01 -0.568554328644D-04
 -0.283887200051D-02 -0.467414216742D-02 -0.657867772526D-02 -0.498493769658D-02
 -0.213176681413D-01  0.998951261477D-03  0.350226237914D-02  0.619388014049D+00
  0.110673926122D-03  0.848481273481D-03 -0.311028083852D-02  0.341201373909D-03
 -0.243360067590D-02 -0.134122522127D-02  0.290897486169D-03 -0.286135043435D-02
  0.353754030565D-02  0.137192682237D-03 -0.288547690639D-02 -0.107699349510D-02
  0.146286985128D-03 -0.455758120179D-02  0.573527641773D-03  0.560889878683D-05
  0.171684368130D-03  0.372550530990D-02  0.153943068456D-03  0.229495600040D-03
  0.148738479243D-02 -0.163674200546D-02  0.102132369433D-02 -0.310717259383D-03
 -0.427693088189D-03  0.216879053807D-04  0.516037061662D-03  0.308070622047D-02
 -0.147429563599D-02  0.254643242531D-03  0.231646760899D-02 -0.687177811353D-03
 -0.378048632878D-02 -0.455209461791D-03  0.664961399246D-03 -0.126797573980D-01
 -0.241310255521D-02 -0.849020111447D-02 -0.669097657307D-03 -0.265692995568D-02
 -0.493452616028D-02  0.151273486224D-02 -0.512618566111D-02 -0.158836647342D-02
  0.300818306292D-02 -0.719667549410D-04  0.341312835600D-02  0.615851694299D+00
  0.653120299578D-03  0.166179904268D-02  0.510932834273D-02  0.759251486058D-03
 -0.985565431624D-02  0.251837275230D-03  0.718642094042D-03 -0.540058876920D-02
  0.620812743766D-02 -0.200289465714D-02  0.149861077678D-03 -0.638392827714D-02
 -0.173875617140D-02  0.614493725241D-02 -0.411128013316D-02 -0.173279498305D-02
 -0.254708442491D-03  0.307722400580D-02 -0.157200732279D-02  0.674819411830D-03
  0.291864694554D-02  0.279593495113D-02 -0.228094399884D-02 -0.737925903296D-03
 -0.209013856806D-02  0.391887568299D-03  0.280006457781D-02 -0.305495147231D-02
 -0.243367227075D-02 -0.144067131664D-02 -0.104048895728D-02 -0.341505158220D-02
 -0.689956720379D-02 -0.200862147333D-02 -0.795650241759D-03  0.111839641124D-01
  0.146548587754D-02  0.112768163362D-01 -0.445253157133D-02  0.319708596076D-02
 -0.812420753055D-02  0.748684649168D-02 -0.209445431381D-02 -0.126464214337D-01
  0.398321819239D-02  0.296814362045D-03 -0.414925002050D-02  0.148367346885D-02
  0.594147665944D+00 -0.108849369178D-01 -0.664140327495D-02 -0.616487466006D-02
  0.702843861779D-02  0.947442827756D-03 -0.804132514967D-02 -0.107414898104D-02
  0.113523357922D-02 -0.500199840117D-03  0.159469137419D-02  0.155713356607D-02
 -0.345093736844D-02 -0.788917876827D-04 -0.470147458986D-03 -0.640790908212D-03
  0.392050859313D-03 -0.160680826340D-04  0.350315575179D-02  0.450882852258D-03
 -0.702299023183D-03 -0.885077858843D-03 -0.148677701312D-02  0.101890178816D-03
 -0.723847372184D-03  0.335845336207D-03  0.942612234497D-03 -0.114500662311D-02
 -0.372429558269D-02 -0.178386557826D-02 -0.259471529637D-02 -0.110822354167D-02
 -0.146385383691D-02 -0.918028133961D-02  0.205100724538D-02  0.205827441019D-02
  0.549639394501D-01  0.134913030278D-01  0.514508226290D-01 -0.117493595056D-01
  0.131223462692D-01  0.643450208061D-04  0.113509819794D-01 -0.166186634449D-04
  0.519492099974D-01  0.689871268508D-02 -0.426351030276D-02 -0.776052390490D-02
 -0.574834842546D-02  0.939144634600D-02  0.634863008145D+00 -0.147111108900D-02
 -0.493097970536D-03  0.448770143874D-02  0.251035593851D-02 -0.224788364756D-02
 -0.800376060297D-03  0.394812349917D-03 -0.169236670780D-02  0.102569517506D-02
  0.342402286535D-03  0.315195346545D-03 -0.381710421814D-02  0.638006419151D-04
  0.220264744844D-02 -0.359158823160D-02  0.979178634813D-04 -0.643675011248D-04
  0.145257607994D-02  0.215146100595D-03  0.298967531287D-03  0.512248692641D-03
  0.149650322718D-03 -0.303538258539D-03  0.446803520593D-03 -0.323539255128D-03
  0.428267645752D-03  0.272145036821D-03 -0.300641644215D-02 -0.140349548950D-02
 -0.143890672385D-02 -0.145661986229D-03 -0.164528088733D-02 -0.594600937575D-02
  0.152313986652D-02 -0.260119540767D-03  0.683588107064D-02  0.182651232814D-02
  0.689301113306D-02 -0.718947264764D-02  0.254682902800D-02 -0.398922486790D-02
 -0.126322184577D-02 -0.348221084518D-02  0.204402921799D-02  0.576225075112D-02
  0.911621223346D-03 -0.157312103750D-02  0.363452772741D-03 -0.262905830470D-03
  0.647207038870D-02  0.591528200310D+00 -0.417506773339D-02 -0.299692320365D-02
  0.436735022935D-03 -0.472356937281D-04  0.225351092598D-03 -0.399443620987D-02
 -0.476107746386D-03  0.194712276587D-02 -0.196959067909D-02 -0.929842181347D-03
  0.362799750693D-02 -0.165325215369D-02 -0.138800480780D-02  0.428512874737D-02
 -0.149389733874D-02 -0.105559730255D-02 -0.172248552711D-04 -0.794412941710D-03
 -0.114395407746D-02 -0.635650055925D-03 -0.123468391920D-02  0.416226308774D-03
 -0.145512924258D-02 -0.145921427167D-02 -0.358639305099D-03  0.380856875231D-03
 -0.983109058736D-03 -0.281638291863D-02  0.688169814764D-03 -0.122192738037D-02
 -0.171468959609D-02  0.144813080406D-03  0.243182815868D-02  0.165813089418D-02
  0.185858008515D-02  0.348479695123D-01  0.656370591818D-02  0.311047316768D-01
 -0.833176846637D-02  0.108582828554D-01  0.618333226295D-02  0.104293602617D-01
  0.949967267114D-02  0.214520834812D-01  0.415559651998D-02 -0.354821067608D-02
 -0.758293748558D-02 -0.258345288508D-02  0.700395307675D-03  0.210870378754D-01
  0.191050675088D-02  0.442403085600D+00 -0.522224161410D-03 -0.418591117844D-03
  0.310252711004D-02  0.619690608435D-02  0.196842288689D-02 -0.832576123219D-03
 -0.284956618222D-03  0.654504776048D-03  0.311885921399D-03  0.177010458696D-02
 -0.116173449298D-02  0.176778173204D-02  0.140117361754D-02 -0.165522857731D-02
 -0.100280199611D-03  0.135016254659D-02 -0.548721946286D-04 -0.247818347873D-02
  0.140907202248D-02  0.167358208196D-03 -0.398378556664D-02 -0.719619517491D-03
  0.129400731899D-02  0.100572346157D-02  0.805884299088D-03  0.156839917164D-03
  0.679955160347D-05  0.427333035127D-03 -0.118845743918D-02 -0.646178689787D-04
  0.132863765633D-02 -0.725963359912D-03 -0.632229117007D-02  0.308420338824D-02
 -0.301801895324D-02  0.500628079808D-04  0.170135566282D-02  0.162030675083D-02
 -0.100703213710D-02 -0.623474215716D-03 -0.194016549544D-02 -0.488944850415D-02
 -0.645675174755D-02  0.594889022401D-02 -0.416494570175D-03  0.195020967961D-02
  0.132292689340D-02  0.308153851882D-03  0.394908780787D-02  0.302562293025D-02
  0.211787781277D-02  0.447532536691D-03  0.431782464570D+00 -0.133076882534D-02
 -0.120868091890D-02  0.202750146580D-02  0.383984960466D-02  0.384041351666D-02
 -0.111881390342D-02 -0.467817180865D-03  0.178251961070D-02 -0.247881720224D-02
  0.158079151951D-02  0.125622093770D-03  0.161104734221D-02  0.121979834254D-02
 -0.977747904201D-03  0.556120791151D-03  0.121426323668D-02 -0.620973464530D-04
 -0.173758955974D-02  0.119764731720D-02 -0.127221175676D-03 -0.394505885666D-02
 -0.915961187863D-03  0.118450511697D-02  0.747656253740D-03  0.976900692957D-03
  0.103509408958D-03 -0.107990770018D-02  0.427804719241D-03 -0.158315234914D-03
  0.221461737874D-03  0.122059579021D-02  0.166077202266D-03 -0.327777083139D-02
  0.252313750857D-02 -0.143086029612D-02  0.498589771037D-02  0.247876831013D-02
  0.413167086533D-02 -0.756946808789D-03  0.651419546760D-03  0.433522300385D-03
 -0.576468869515D-02 -0.295602269378D-02  0.920250407665D-02 -0.136110101895D-02
  0.890444798345D-03  0.326351598867D-03 -0.420875708394D-03  0.378737088384D-02
  0.390296990674D-02  0.158264496124D-02  0.193421153865D-02  0.511993401720D-03
  0.430484825969D+00 -0.179349005132D-03 -0.254619782185D-02  0.511297106783D-02
  0.860285957265D-03 -0.591309778586D-04 -0.134373362216D-01  0.494795885439D-02
  0.259670432910D-02 -0.292608240805D-02 -0.579906294391D-03  0.109283922037D-02
 -0.393264420745D-02 -0.373714669098D-03 -0.947565810218D-04  0.127822285093D-02
 -0.591050887644D-03 -0.501487071547D-04 -0.399614408507D-01 -0.775412903439D-03
 -0.603198192847D-03 -0.375173091797D-01  0.392166753345D-03 -0.890857561414D-03
 -0.262428036451D-03 -0.895205475560D-04 -0.354712691049D-04 -0.270882866537D-02
  0.140127669874D-02  0.417628223140D-03 -0.915829684382D-03  0.134363624706D-01
  0.109487082614D-02  0.238061120101D-02  0.204480186215D-01  0.662219869640D-03
  0.455418591876D-02 -0.332316342132D-03  0.120085727353D-01 -0.653472166924D-01
  0.235216966820D-01  0.644661959984D-02  0.103965231323D-01  0.117916543255D-01
  0.709965374383D-02  0.624210964830D-01 -0.175452557119D-02 -0.654758113120D-03
 -0.165273498514D-02 -0.303839336294D-04  0.469352253114D-02  0.303021957893D-02
  0.557770711832D-02  0.192177840468D-02  0.132752592919D-02  0.102314016722D+00
 -0.867333305320D-03 -0.159255756007D-03 -0.402483352848D-02 -0.307968489794D-02
 -0.119348480669D-02 -0.680738429228D-02 -0.457777454523D-03 -0.111517304995D-02
 -0.890685742127D-04 -0.264008254562D-03 -0.273925092758D-03  0.545888806718D-01
 -0.234536588245D-03 -0.314290211859D-03 -0.445582946102D-01 -0.219057325246D-03
 -0.357805786248D-04 -0.220387783189D-01 -0.205233598855D-03 -0.785356378993D-04
  0.256340420621D-01 -0.746119451660D-03  0.226601690651D-03 -0.303098523827D-03
 -0.293691530942D-03 -0.410289305075D-03 -0.259812899952D-03  0.167190537209D-02
 -0.229819204413D-03  0.976547439458D-03  0.458516156545D-02  0.121065783052D-03
  0.455609248141D-03 -0.343113482801D-02  0.275769931424D-03  0.365150893407D-02
  0.108201362642D-02  0.159989340871D-02  0.275410483950D-01  0.229412961090D-02
 -0.188983977094D-03 -0.536847451119D-04  0.382288994860D-03  0.118116583753D-02
  0.282036508080D-01 -0.763937242841D-03  0.224559490782D-03 -0.596545866463D-03
 -0.159839609638D-03 -0.678602383887D-03  0.234977320223D-03  0.226757537578D-03
  0.355503482659D-03 -0.229014018978D-03 -0.221037937960D-02  0.932549808715D-01
 -0.316194478647D-02  0.706931570430D-03 -0.775926837470D-02 -0.111162442366D-01
  0.293991184472D-03  0.734685524262D-02 -0.177843575622D-02 -0.562749041957D-02
 -0.284336414706D-03 -0.135647171480D-02 -0.217667904837D-02  0.463946405396D-01
 -0.549037241321D-03 -0.119358174798D-02  0.444726347496D-01 -0.103453395214D-02
 -0.546542020635D-03 -0.402870326988D-01 -0.871087572905D-03  0.764420403368D-03
 -0.334703451487D-01  0.434332910052D-03  0.134188523158D-04  0.375457050020D-03
 -0.178708622147D-02 -0.218745516515D-03  0.379554525849D-03  0.182264836302D-02
 -0.105403394858D-02  0.151381693834D-02 -0.576345346765D-02 -0.213498951150D-02
 -0.457362356153D-02 -0.144015568557D-01  0.197338744882D-02  0.150621654055D-01
  0.480719967819D-02 -0.260458292461D-02  0.610471881788D-01 -0.191664157457D-01
 -0.145040177654D-01 -0.201409884232D-01 -0.123377645857D-01 -0.370421783556D-02
 -0.562656602106D-01 -0.244511376564D-02 -0.512452229333D-03 -0.219227238140D-02
 -0.457202787768D-02 -0.673026976385D-02 -0.486172039597D-02 -0.363678907577D-02
  0.245310239613D-02  0.202225137147D-02 -0.101747391700D-01  0.288256963695D-03
  0.105737264752D+00
$end
