$coord
    3.88601392240471     -0.31261739416327      0.75073150081148      c
    1.30183233294492      3.83338504960384     -1.22484489029116      c
    5.17919130966101      1.93370005999789      0.23683937623456      c
    3.88780916223095      4.00209979874787     -0.75619280933552      c
   -6.79160013254569      1.95036744448994      0.08671953223812      c
    1.28006268789408     -0.51980696737285      0.28529195428175      c
    0.00517784960411      1.59179191077489     -0.67816601730867      c
    1.19606436128731     -4.80984433698851      1.76424831766204      o
   -3.33445955599938      2.70707047988134      2.95876310352038      o
   -2.36015455640619     -3.18250667765404      0.24519196574191      o
    0.09973974529370     -3.00241577719004      0.84958307482273      c
   -4.06667174070858      2.13238586560949      0.84117379353139      c
   -2.57318338336639      1.56529795039184     -1.24391222697197      o
   -2.79021842972831     -4.91538554151018      0.74137735645370      h
    4.93120254924243     -1.91189262042439      1.51714772852591      h
    0.29683818095368      5.44743793422413     -1.99976488560357      h
    7.19564247701797      2.06218253977279      0.61159096564711      h
    4.89522216367229      5.74629812213999     -1.16038633189843      h
   -7.21195081354477      0.03872048846283     -0.57234135386707      h
   -7.98371496621527      2.35442868622355      1.72796557591063      h
   -7.20545015564764      3.33680281640415     -1.38577396776770      h
$user-defined bonds
$end
