$coord
    3.95544766685327     -0.31822752690665      0.61744391812791  c
    1.46380034275095      3.98729263015254     -1.10511542465827  c
    5.33736750056871      1.85105511211854      0.06290023638642  c
    4.08533779388491      4.01405707774437     -0.80953624812025  c
   -6.90439422580988      1.76447115816832     -0.04425969840497  c
    1.30827354479052     -0.39385600099484      0.32395739146059  c
    0.08652280281899      1.80969746658870     -0.54053190198003  c
    1.24307930819100     -4.72289331226385      1.70248765582251  o
   -3.63826315825229      2.24611890466561      3.18869704230780  o
   -2.49459598547094     -2.92023107523109      0.59412310891504  o
    0.08889581474874     -2.83141340905223      0.94141069322825  c
   -4.27736943640409      1.99771204009365      0.97786039221036  c
   -2.53063852419769      1.91689942202761     -1.02415315115191  o
   -3.09811391847352     -4.60578902210736      1.08180814405455  h
    4.88056377549051     -2.01721967167880      1.28813861251431  h
    0.44907364920506      5.63391578927816     -1.77554903057827  h
    7.37187078498849      1.85816581857180      0.30439133448974  h
    5.14086671109417      5.71517325382391     -1.25089702378781  h
   -7.15367995222962     -0.13665002960962     -0.82167129369120  h
   -8.26827434628368      2.08727728495440      1.46530222067821  h
   -7.20837714021868      3.11194392107812     -1.58156521548536  h
$user-defined bonds
$redundant
     number_of_atoms            21
     degrees_of_freedom         57
     internal_coordinates       57
     frozen_coordinates          0
# definitions of redundant internals
   1 k  1.0000000000000 stre  11    8           val=   2.34288
   2 k  0.7071081024004 bend  10    8   11      val=  -1.93917
       -0.7071054599702 bend   6    8   11
   3 k  1.0000000000000 outp   8    6   10   11 val=  -0.55155
   4 k  1.0000000000000 stre  12    9           val=   2.31473
   5 k  0.7071082421187 bend  13    9   12      val=  -2.42786
       -0.7071053202514 bend   5    9   12
   6 k  1.0000000000000 outp   9    5   13   12 val=  -0.46919
   7 k  1.0000000000000 tors  14   10   11    6 val= 180.79175
   8 k  1.0000000000000 stre  10   14           val=   1.85558
   9 k  1.0000000000000 bend  11   14   10      val= 108.54785
  10 k  1.0000000000000 stre   1   15           val=   2.04750
  11 k -0.7071067647457 bend   3   15    1      val=  -1.78796
        0.7071067976274 bend   6   15    1
  12 k  1.0000000000000 outp  15    6    3    1 val=   0.13840
  13 k  1.0000000000000 stre   2   16           val=   2.04708
  14 k -0.7071067665366 bend   4   16    2      val=  -1.51177
        0.7071067958365 bend   7   16    2
  15 k  1.0000000000000 outp  16    7    4    2 val=  -0.12395
  16 k  1.0000000000000 stre   3   17           val=   2.04880
  17 k  0.7071067838132 bend   4   17    3      val=   0.20280
       -0.7071067785599 bend   1   17    3
  18 k  1.0000000000000 outp  17    1    4    3 val=   0.08703
  19 k  1.0000000000000 stre   4   18           val=   2.05006
  20 k  0.7071067812312 bend   3   18    4      val=   0.31620
       -0.7071067811419 bend   2   18    4
  21 k  1.0000000000000 outp  18    2    3    4 val=   0.20388
  22 k  0.5773502691896 tors  21    5   12   13 val=  68.30758
        0.5773502691896 tors  19    5   12   13
        0.5773502691896 tors  20    5   12   13
  23 k  1.0000000000000 stre   5   21           val=   2.06674
  24 k  1.0000000000000 stre   5   19           val=   2.06900
  25 k  1.0000000000000 stre   5   20           val=   2.05989
  26 k  0.4655583213350 bend  19   21    5      val=   0.04952
        0.3815796115880 bend  20   21    5
        0.3781953026753 bend  20   19    5
       -0.3946380918568 bend  12   21    5
       -0.3951494027280 bend  12   19    5
       -0.4274792257758 bend  12   20    5
  27 k -0.6632534368861 bend  19   21    5      val=   2.09000
        0.4019502651262 bend  20   21    5
        0.3655485103876 bend  20   19    5
       -0.2241818074383 bend  12   21    5
       -0.2449544604497 bend  12   19    5
        0.3932492579734 bend  12   20    5
  28 k -0.0191641668004 bend  19   21    5      val=  -0.27947
       -0.6219702160584 bend  20   21    5
        0.6474633155954 bend  20   19    5
       -0.3180565362884 bend  12   21    5
        0.3038530683068 bend  12   19    5
        0.0095075028315 bend  12   20    5
  29 k  0.4158757056955 bend  19   21    5      val=   0.16029
       -0.2198800572481 bend  20   21    5
       -0.2057529397370 bend  20   19    5
       -0.3312337845849 bend  12   21    5
       -0.3542926721529 bend  12   19    5
        0.7079030781362 bend  12   20    5
  30 k  0.0064894079610 bend  19   21    5      val=  -0.45186
        0.3075799150339 bend  20   21    5
       -0.3145152189760 bend  20   19    5
       -0.6414029897124 bend  12   21    5
        0.6283468019967 bend  12   19    5
        0.0146683909516 bend  12   20    5
  31 k  1.0000000000000 tors   5   12   13    7 val= 187.29695
  32 k  1.0000000000000 stre  12    5           val=   2.82850
  33 k  1.0000000000000 bend  13    5   12      val= 109.61183
  34 k  0.7071067811865 tors  10   11    6    1 val=  91.16192
        0.7071067811865 tors  10   11    6    7
  35 k  1.0000000000000 stre  11   10           val=   2.60824
  36 k  1.0000000000000 bend   6   10   11      val= 115.62476
  37 k  1.0000000000000 stre   6   11           val=   2.79460
  38 k  0.7071084989487 bend   7   11    6      val=   5.33131
       -0.7071050634202 bend   1   11    6
  39 k  1.0000000000000 outp  11    1    7    6 val=  -0.57896
  40 k  0.7071067811865 tors  12   13    7    2 val= 162.56002
        0.7071067811865 tors  12   13    7    6
  41 k  1.0000000000000 stre  13   12           val=   2.65813
  42 k  1.0000000000000 bend   7   12   13      val= 120.67310
  43 k  1.0000000000000 stre   7   13           val=   2.66363
  44 k -0.7070620975380 bend   2   13    7      val=   3.36497
        0.7071514620116 bend   6   13    7
  45 k  1.0000000000000 outp  13    6    2    7 val=  -3.14695
  46 k  1.0000000000000 stre   1    3           val=   2.63116
  47 k  1.0000000000000 stre   3    4           val=   2.64713
  48 k  1.0000000000000 stre   4    2           val=   2.63828
  49 k  1.0000000000000 stre   2    7           val=   2.63772
  50 k  1.0000000000000 stre   7    6           val=   2.66377
  51 k  1.0000000000000 stre   6    1           val=   2.66447
  52 k -0.2886751345948 bend   1    4    3      val=   0.63013
       -0.2886751345948 bend   3    2    4
        0.5773502691896 bend   4    7    2
       -0.2886751345948 bend   2    6    7
       -0.2886751345948 bend   7    1    6
        0.5773502691896 bend   6    3    1
  53 k  0.5000000000000 bend   1    4    3      val=   0.67506
       -0.5000000000000 bend   3    2    4
        0.5000000000000 bend   2    6    7
       -0.5000000000000 bend   7    1    6
  54 k -0.4082482904639 bend   1    4    3      val=   0.74423
        0.4082482904639 bend   3    2    4
       -0.4082482904639 bend   4    7    2
        0.4082482904639 bend   2    6    7
       -0.4082482904639 bend   7    1    6
        0.4082482904639 bend   6    3    1
  55 k -0.2886751345948 tors   3    4    2    7 val=   0.31140
       -0.2886751345948 tors   4    2    7    6
        0.5773502691896 tors   2    7    6    1
       -0.2886751345948 tors   7    6    1    3
       -0.2886751345948 tors   6    1    3    4
        0.5773502691896 tors   1    3    4    2
  56 k  0.5000000000000 tors   3    4    2    7 val=  -0.04819
       -0.5000000000000 tors   4    2    7    6
        0.5000000000000 tors   7    6    1    3
       -0.5000000000000 tors   6    1    3    4
  57 k -0.4082482904639 tors   3    4    2    7 val=  -0.08631
        0.4082482904639 tors   4    2    7    6
       -0.4082482904639 tors   2    7    6    1
        0.4082482904639 tors   7    6    1    3
       -0.4082482904639 tors   6    1    3    4
        0.4082482904639 tors   1    3    4    2
        57 non zero eigenvalues  of BmBt
           1          10.933730821    1    0
         1
           2           5.443386524    2    0
         2
           3           5.165684125    3    0
         3
           4           4.439637488    4    0
         4
           5           4.387940285    5    0
         5
           6           4.229190237    6    0
         6
           7           3.782630287    7    0
         7
           8           3.687016941    8    0
         8
           9           3.645892858    9    0
         9
          10           3.640506145   10    0
        10
          11           3.554873318   11    0
        11
          12           3.319551403   12    0
        12
          13           3.009175170   13    0
        13
          14           2.956115485   14    0
        14
          15           2.849633070   15    0
        15
          16           2.753785573   16    0
        16
          17           2.698546993   17    0
        17
          18           2.463160664   18    0
        18
          19           2.157393308   19    0
        19
          20           2.041994544   20    0
        20
          21           1.839355252   21    0
        21
          22           1.801000888   22    0
        22
          23           1.686691563   23    0
        23
          24           1.492514846   24    0
        24
          25           1.263483694   25    0
        25
          26           1.229623942   26    0
        26
          27           0.970589054   27    0
        27
          28           0.908724441   28    0
        28
          29           0.891329649   29    0
        29
          30           0.838383922   30    0
        30
          31           0.705513917   31    0
        31
          32           0.703959946   32    0
        32
          33           0.670088546   33    0
        33
          34           0.629723184   34    0
        34
          35           0.552858372   35    0
        35
          36           0.450782044   36    0
        36
          37           0.384884666   37    0
        37
          38           0.381398872   38    0
        38
          39           0.328824306   39    0
        39
          40           0.319690745   40    0
        40
          41           0.288605760   41    0
        41
          42           0.280443943   42    0
        42
          43           0.274178686   43    0
        43
          44           0.264787896   44    0
        44
          45           0.254033141   45    0
        45
          46           0.232610683   46    0
        46
          47           0.198129558   47    0
        47
          48           0.134881979   48    0
        48
          49           0.117177414   49    0
        49
          50           0.111424289   50    0
        50
          51           0.086874637   51    0
        51
          52           0.058798353   52    0
        52
          53           0.045799599   53    0
        53
          54           0.035628242   54    0
        54
          55           0.026241328   55    0
        55
          56           0.009993456   56    0
        56
          57           0.007323301   57    0
        57
$end
