$energy      SCF               SCFKIN            SCFPOT
     1 -648.4865696122      645.1625499490     -1293.649119561
     2 -648.4935979389      644.9024717826     -1293.396069722
     3 -648.4910824107      644.7600094011     -1293.251091812
     4 -648.4931176312      644.7968376706     -1293.289955302
     5 -648.4953525066      644.8601653542     -1293.355517861
     6 -648.4952123404      644.8678705556     -1293.363082896
     7 -648.4954421555      644.8632228580     -1293.358665014
     8 -648.4954778377      644.8638744274     -1293.359352265
     9 -648.4955712188      644.8600379428     -1293.355609162
    10 -648.4955959485      644.8636487498     -1293.359244698
    11 -648.4956110754      644.8626408425     -1293.358251918
    12 -648.4956178369      644.8617302700     -1293.357348107
    13 -648.4956230883      644.8612982505     -1293.356921339
    14 -648.4956418749      644.8612017198     -1293.356843595
    15 -648.4956543150      644.8633995993     -1293.359053914
    16 -648.4956505138      644.8621184299     -1293.357768944
    17 -648.4956548655      644.8612823427     -1293.356937208
    18 -648.4956579006      644.8612364063     -1293.356894307
    19 -648.4956270090      644.8578770413     -1293.353504050
    20 -648.4956584301      644.8606731687     -1293.356331599
    21 -648.4956588005      644.8610512132     -1293.356710014
    22 -648.4956588242      644.8609258627     -1293.356584687
    23 -648.4956588138      644.8610053992     -1293.356664213
    24 -648.4956588334      644.8610545420     -1293.356713375
$end
