$grad          cartesian gradients
  cycle =      1    SCF energy =     -648.4865696122   |dE/dxyz| =  0.083531
    3.88601392240471     -0.31261739416327      0.75073150081148      c
    1.30183233294492      3.83338504960384     -1.22484489029116      c
    5.17919130966101      1.93370005999789      0.23683937623456      c
    3.88780916223095      4.00209979874787     -0.75619280933552      c
   -6.79160013254569      1.95036744448994      0.08671953223812      c
    1.28006268789408     -0.51980696737285      0.28529195428175      c
    0.00517784960411      1.59179191077489     -0.67816601730867      c
    1.19606436128731     -4.80984433698851      1.76424831766204      o
   -3.33445955599938      2.70707047988134      2.95876310352038      o
   -2.36015455640619     -3.18250667765404      0.24519196574191      o
    0.09973974529370     -3.00241577719004      0.84958307482273      c
   -4.06667174070858      2.13238586560949      0.84117379353139      c
   -2.57318338336639      1.56529795039184     -1.24391222697197      o
   -2.79021842972831     -4.91538554151018      0.74137735645370      h
    4.93120254924243     -1.91189262042439      1.51714772852591      h
    0.29683818095368      5.44743793422413     -1.99976488560357      h
    7.19564247701797      2.06218253977279      0.61159096564711      h
    4.89522216367229      5.74629812213999     -1.16038633189843      h
   -7.21195081354477      0.03872048846283     -0.57234135386707      h
   -7.98371496621527      2.35442868622355      1.72796557591063      h
   -7.20545015564764      3.33680281640415     -1.38577396776770      h
  -.93324744257749D-02  -.44788604996079D-02  -.17429010884279D-03
  0.39650085205745D-03  0.34407728724080D-03  -.97593048854369D-03
  -.38803568307060D-02  0.64710603483197D-02  -.33861390021823D-02
  -.11896527267606D-02  -.40772294897135D-02  0.16357014322956D-02
  0.51433149875839D-02  -.14094780618891D-02  -.77681780362581D-02
  -.20036600885493D-02  0.80689387601296D-02  -.29410687642290D-02
  -.22863410094852D-01  -.87183925166352D-02  0.13458785270820D-01
  -.21431565578221D-01  0.25608263639819D-01  -.14335464978688D-01
  -.14176910330314D-01  0.78457679901448D-03  0.69911856817087D-03
  0.23900673994566D-01  0.72756879705440D-02  0.22555181903714D-02
  -.13299698941608D-01  -.37270555431555D-01  0.91008040758126D-02
  0.39741659164733D-01  0.10496728234608D-02  0.40872366799509D-03
  -.40176063610964D-02  -.33357567284127D-02  -.11111473450924D-01
  0.12747425109003D-01  0.36463975415933D-02  0.22802554278269D-02
  0.62301393035606D-02  -.56353925108412D-03  0.16073913482029D-02
  0.20811950286587D-02  0.35401778995807D-02  -.89880113642393D-03
  0.20656050540075D-02  0.73117277801899D-03  0.20612349057017D-03
  0.13413704077145D-02  0.10014935400031D-02  0.79038016853331D-04
  -.51164125670536D-03  -.11231045500943D-02  0.45850056431624D-02
  -.20695487703804D-02  -.33743531046524D-03  0.12350514397775D-02
  0.12079697524279D-02  0.26777740316669D-02  0.40189597510775D-02
  cycle =      2    SCF energy =     -648.4935979389   |dE/dxyz| =  0.032561
    3.97499999821034     -0.35167625020080      0.59668350696833      c
    1.36580061156103      3.90273898663408     -1.08401012299386      c
    5.28809950374773      1.88159767560107      0.10511931637263      c
    3.97875555924711      4.01533106977558     -0.73575932076688      c
   -6.91353085676871      1.91706207452934     -0.04819405769548      c
    1.34243420217774     -0.49994443595464      0.26896451861471      c
    0.05737185328286      1.66412994240604     -0.58226706793580      c
    1.32206987065950     -4.78858835012268      1.77679785938151      o
   -3.57113490452394      2.54236087066865      3.02953392427869      o
   -2.40514596820761     -3.09916701912877      0.55991357312184      o
    0.14972488337778     -2.94913417787771      0.94495197752305      c
   -4.22489045557100      2.08660658903947      0.85458855815877      c
   -2.55589106359259      1.65289167180009     -1.15427140781336      o
   -2.89592652154457     -4.81612061688118      1.08575215263281      h
    5.00506818946397     -2.00584821324644      1.23557137882923      h
    0.34036680772930      5.55552237043881     -1.72942003623342      h
    7.32027924651547      1.95411727072757      0.37351328061085      h
    4.98919329024068      5.75951452229801     -1.11786433459023      h
   -7.26600763011996      0.04364041429583     -0.84443429001435      h
   -8.19296018860969      2.22140058841820      1.54307049752571      h
   -7.27128341923050      3.36106484820076     -1.48299814363713      h
  -.64071795341272D-02  -.30453347881632D-02  0.35996712672402D-03
  -.18714850571660D-03  -.70430355360035D-03  -.69822336826223D-03
  -.75051077888706D-03  0.24761958423824D-02  -.13044684441455D-03
  -.34711645234243D-03  -.11294770616010D-02  0.67442012286567D-05
  -.42502006730578D-03  -.66967917869535D-03  -.30092885175005D-02
  0.35780256781888D-02  0.50636684886318D-02  -.42361990392385D-02
  -.49469131946137D-02  -.36580418940629D-02  0.77842415803556D-02
  -.45586327314928D-02  0.53785460438281D-02  -.29179310668773D-02
  -.72463738568016D-02  -.38087904283653D-04  0.15030556003815D-02
  0.50677568634658D-02  0.51442617546490D-02  -.17965692213837D-02
  -.67762937680890D-02  -.10259123395712D-01  0.57811650296701D-02
  0.17138103198577D-01  0.22854347112886D-02  -.67489298849179D-03
  -.41825844599787D-02  -.30726170054284D-02  -.88276384547849D-02
  0.48792889010587D-02  -.17181157628850D-02  0.10882511998635D-02
  0.40490964659084D-02  0.60109016851988D-03  -.56344221259137D-03
  0.15886852792089D-02  0.20979246256678D-02  0.46745401006269D-03
  0.79627587581208D-03  0.31253855003470D-03  0.79571330303223D-04
  0.84556823019328D-03  0.17141506677948D-03  0.13274407579433D-04
  -.63472985712549D-03  -.84486687272334D-03  0.30131578645548D-02
  -.18952578056912D-02  -.40542066088442D-03  0.12218673260898D-03
  0.44211131183983D-03  0.20110106504331D-02  0.26553177647777D-02
  cycle =      3    SCF energy =     -648.4910824107   |dE/dxyz| =  0.024356
    3.91543186050261     -0.26105070607954      0.87095854205839      c
    1.43423251621183      3.85091797565579     -1.29144120704045      c
    5.28374208100062      1.89851968783296      0.24192503873121      c
    4.03405880357222      3.97135074077772     -0.83610605551137      c
   -6.94574291906369      1.88379465570247      0.15577876411473      c
    1.31569719677698     -0.45404828944710      0.34301774909134      c
    0.07692271529334      1.69626824346576     -0.62212974934344      c
    1.38124261049146     -4.85637692518053      1.47967278655694      o
   -3.51147935700171      2.81858979415757      3.10406740009465      o
   -2.38693363195174     -3.18032832117688      0.17802089859017      o
    0.17162725483788     -2.98000048826606      0.72844473731020      c
   -4.25333512155093      2.21460169913323      0.99227395441019      c
   -2.58368968339445      1.75521309030677     -1.02432691087405      o
   -2.93629234711943     -4.92165421783985      0.54714236810818      h
    4.81858014694082     -1.80008801037124      1.86789179776187      h
    0.46198466398311      5.38556107685524     -2.23217777920553      h
    7.30248924866213      1.96294571403779      0.57714421659016      h
    5.07314006378871      5.67242470773653     -1.31070387664823      h
   -7.22459510195302     -0.04527872289161     -0.53215469639042      h
   -8.20414216655012      2.24580425694054      1.74522557670596      h
   -7.38554582543168      3.19033387007172     -1.38728179277287      h
  -.26941212795552D-02  -.27528515840040D-02  -.32922325334572D-03
  -.21189523879119D-02  -.17462212352711D-02  0.14477588269737D-03
  0.26868839475960D-02  -.26923358417592D-02  -.24369223069223D-02
  -.74905354896084D-03  0.34541880613956D-02  0.32114778344639D-02
  -.25889146625004D-02  -.62630763293776D-03  0.31859452637531D-03
  0.43877480530131D-02  0.19728967549305D-02  -.26126860185929D-04
  0.87497395188250D-02  0.51724240654151D-03  -.65904003214945D-06
  0.61660390652923D-02  -.69985937590858D-02  0.33547773678270D-02
  0.94496776507019D-03  0.12597182589260D-02  0.20361280237037D-03
  -.52670930182645D-02  0.79136989498829D-03  -.35101215184378D-02
  0.89290112597412D-03  0.52440004465291D-02  -.83443586319874D-02
  -.31100419026362D-02  0.63255247079940D-03  -.16393390228761D-02
  -.50613698090101D-02  0.10195848026425D-02  0.59690614266953D-02
  -.19731895674134D-02  -.24365251603894D-02  0.14389122145233D-02
  -.87428982689683D-03  0.48100061875398D-02  0.56641777246425D-02
  0.20839616674897D-02  -.19287708479525D-02  -.40880720892574D-02
  -.29238246851057D-04  -.11006960709509D-02  -.24725470104448D-02
  -.22815521408214D-03  0.18729512916835D-03  0.16424226358323D-02
  -.61391205716807D-03  -.18302227758643D-03  0.92987111834654D-03
  -.31306402663652D-03  -.41954923127710D-03  -.52498640377638D-03
  -.26160879929484D-03  0.95710101132401D-03  0.54897357890386D-03
  cycle =      4    SCF energy =     -648.4931176312   |dE/dxyz| =  0.017247
    3.93372328973016     -0.28238808932515      0.80056166373746      c
    1.43407187301678      3.88461131922749     -1.23520222704067      c
    5.29881790854157      1.88617445767436      0.19422162026474      c
    4.04129233186648      3.98400810974943     -0.82307163482842      c
   -6.93068357430943      1.85026378935434      0.09535348267607      c
    1.32040934513618     -0.44972953884313      0.32780189856879      c
    0.08060029796380      1.71882987762475     -0.59294497861097      c
    1.34492506000530     -4.83772423929809      1.50728387521145      o
   -3.54595568387046      2.73014288774916      3.11727226436232      o
   -2.42459269641333     -3.10687531110067      0.31785403751507      o
    0.14910265491937     -2.95003993708145      0.77931770949370      c
   -4.25666176915305      2.17601457402265      0.98173951817022      c
   -2.56763601282727      1.76859274583355     -1.02587424462885      o
   -2.99007897955572     -4.83318889051273      0.71973255152541      h
    4.85639105038365     -1.86670903108613      1.70654857609270      h
    0.44558815455287      5.45336575524704     -2.10067681533089      h
    7.32085777541781      1.94275928438922      0.51279802086506      h
    5.08157051863701      5.68629168564318     -1.29179862537824      h
   -7.18567845192592     -0.06407336268160     -0.64143669597750      h
   -8.21634915672695      2.17010741809062      1.67221246301063      h
   -7.35232092734390      3.18706632674444     -1.42645069736045      h
  -.22933424099436D-02  -.19584622136711D-02  0.39635742411565D-03
  -.19655263560169D-02  -.14766815664889D-02  -.28861686010879D-03
  0.22032252950970D-02  -.19768778029738D-02  -.24669451542654D-02
  -.56004296660103D-03  0.26624672321059D-02  0.27342994679125D-02
  -.15610262800666D-02  -.78751021229304D-03  -.27890930216053D-03
  0.29951815760350D-02  0.68752354145986D-03  -.16063666664351D-02
  0.66206753893209D-02  0.11356076298629D-02  0.16516730373146D-02
  0.38210656331466D-02  -.41101323518655D-02  0.18407588377800D-02
  0.50304431725109D-03  0.78999081565748D-03  0.43017257412049D-03
  -.36398692433962D-02  0.74462534310423D-03  -.26391202816772D-02
  0.69822759598026D-03  0.27801989607982D-02  -.53522013050551D-02
  -.14624109868331D-02  0.13547155155597D-02  -.13072502230622D-02
  -.43212794042231D-02  -.31213667605739D-03  0.42759713309591D-02
  -.12536209572314D-02  -.14953115618868D-02  0.11458364046472D-02
  -.22964831160389D-03  0.33882375480653D-02  0.41953391222235D-02
  0.15522642764191D-02  -.11109252754248D-02  -.29941215144450D-02
  -.74262076615416D-04  -.70036338683121D-03  -.15960673199801D-02
  -.12361561335496D-03  0.63198883548294D-04  0.10368705610206D-02
  -.57784129917770D-03  -.20106859653705D-03  0.68741063618536D-03
  -.94182746743696D-04  -.34346916712725D-03  -.33667668101150D-03
  -.19067001607772D-03  0.80900279804999D-03  0.50760770564800D-03
  cycle =      5    SCF energy =     -648.4953525066   |dE/dxyz| =  0.007039
    3.95698099621410     -0.32235651321643      0.65198775723460      c
    1.43766325357960      3.94583708065777     -1.13266367242514      c
    5.31997294754884      1.86210548099693      0.10558046108841      c
    4.05431826852901      4.00833562631544     -0.78840149869749      c
   -6.90898043241432      1.79961188624074     -0.02646378462643      c
    1.32016333320762     -0.43655628961772      0.29994670926982      c
    0.08350362859430      1.76002969243294     -0.55821177247326      c
    1.29671830181879     -4.78963675321664      1.58409672509639      o
   -3.60355689750758      2.51133388181306      3.12462480357852      o
   -2.47992562807430     -2.97600215142974      0.62868856224840      o
    0.11539507871465     -2.88717574903343      0.89644982349556      c
   -4.26686802643587      2.08552368491709      0.94630094546443      c
   -2.53913857309441      1.80880809689435     -1.04624247877034      o
   -3.06118118268935     -4.67743466174887      1.08999527732165      h
    4.90349151205578     -2.00175959283401      1.33994056226393      h
    0.42419345144436      5.57398082496332     -1.84737663737487      h
    7.34971896683268      1.89486607599498      0.37981709943161      h
    5.09483205175229      5.72288048792337     -1.21186838074937      h
   -7.12352713710772     -0.06998992375572     -0.88105873399070      h
   -8.24081574845635      2.02454071958722      1.52899149413333      h
   -7.29556515646718      3.21055792753664     -1.48889149918143      h
  -.13216867810732D-02  0.19869828914598D-03  0.22446973546400D-02
  -.11210442812126D-02  -.88140459226149D-03  -.93854829776748D-03
  0.62356886586136D-03  -.61992560203601D-03  -.11880630443582D-02
  -.36008506611005D-04  0.64867509886250D-03  0.81029919181006D-03
  -.10129827119296D-03  -.59075749175497D-03  -.45955967274958D-03
  0.71830306458515D-03  -.11792612888004D-02  -.28849196116375D-02
  0.17947318445353D-02  0.19029197789970D-02  0.20069064688354D-02
  0.15479463513300D-03  0.33354882771503D-03  -.26478639681854D-03
  0.48002699685729D-03  0.24856073861468D-04  0.23535637798421D-03
  -.10027029913943D-02  -.45627867206197D-03  -.28840971898083D-03
  0.52375437141823D-03  0.24712827289038D-03  0.51437252839010D-04
  0.27851976029722D-04  0.12866825639797D-02  -.13914018135970D-02
  -.13432028680605D-02  -.13569119817771D-02  0.19202811501914D-02
  -.14294976464038D-03  -.13867055677183D-03  0.38563359204761D-04
  0.45462412931155D-03  0.51995332916889D-03  0.10026252775252D-03
  0.60440421652633D-03  -.10563850593015D-03  -.66401335454331D-03
  -.81134470219294D-04  -.14967710336744D-03  -.20090620280230D-03
  -.55462081281356D-04  0.42324669999589D-04  0.43912709428065D-03
  -.12224693303713D-03  0.62715500984146D-04  0.14359000391875D-03
  0.67782298473784D-04  -.11079820373553D-03  0.82824041424764D-04
  -.80116318028555D-04  0.28662092379500D-03  0.25038813458020D-03
  cycle =      6    SCF energy =     -648.4952123404   |dE/dxyz| =  0.005837
    3.96541602480010     -0.32667897093199      0.60922045461855      c
    1.45526058015446      3.99951877119572     -1.04023515538461      c
    5.34587416056580      1.83430903838873      0.01762509295914      c
    4.08548154361998      4.00678657056351     -0.81845171043558      c
   -6.90637688551345      1.75194823402625     -0.09751621042748      c
    1.31639596363279     -0.39808002550650      0.34061266206819      c
    0.09017996181765      1.81000400972491     -0.50422656886530      c
    1.26454759287739     -4.76235723649532      1.59633473429471      o
   -3.67124093974319      2.30766595085058      3.15837017016038      o
   -2.50491533937687     -2.87961638178452      0.74929550901289      o
    0.09660939920271     -2.83709888042966      0.94877365800236      c
   -4.29044119139022      2.00409478683979      0.94742385404311      c
   -2.52222103542191      1.86936560102195     -1.02725360406604      o
   -3.10936882819559     -4.56715966960428      1.22770590703799      h
    4.89153359585855     -2.00561740291124      1.32608837556851      h
    0.43093922501838      5.67781694408741     -1.60902752795644      h
    7.38576666496514      1.82721725800704      0.20577471824204      h
    5.14236727576498      5.69105913655296     -1.31670327408139      h
   -7.09297039142327     -0.08565648912690     -1.02566296264472      h
   -8.27740034165842      1.92106298737061      1.43027047623914      h
   -7.25804402751005      3.20891559958222     -1.52317683604781      h
  -.13670996549349D-04  -.74233109280235D-03  -.18386032158469D-02
  -.44091598656228D-03  -.58763357648703D-03  -.34370243786429D-03
  0.12912008040818D-03  -.54151341476981D-04  0.21565899446702D-03
  0.75113903874620D-04  0.36823714252725D-03  0.53561024439583D-03
  0.45632431606533D-04  -.53578760156894D-03  -.11098783640996D-03
  -.58452855128932D-03  -.15547119192649D-03  0.71424970566599D-03
  0.99452246181020D-03  0.20247086386755D-02  0.16836073786258D-03
  0.37793217414717D-03  -.22901300218013D-03  -.28397909318145D-03
  0.82139099029988D-03  -.57894805177449D-03  0.56843956165969D-03
  -.86630572507074D-03  0.45070501469838D-03  0.32720591511495D-03
  0.37313307359043D-03  0.32146106317984D-03  -.32339047392164D-03
  -.36768947272225D-03  0.55539907228080D-03  -.15349705571459D-02
  -.47069344887371D-03  -.21540443106643D-02  -.17467223578798D-03
  -.10560962767689D-03  0.14355854519717D-03  -.31409574847151D-04
  -.19601819993515D-03  0.82447541360906D-03  0.17791624498933D-02
  -.12677597558966D-04  0.62736594197905D-03  0.22386628456004D-02
  -.56166565115314D-04  -.18002207731645D-03  -.29152450987278D-03
  0.72545325697583D-04  -.54390131017502D-03  -.14364365402655D-02
  0.10914077225087D-03  0.21703080189133D-03  -.18504790925549D-03
  0.21214100311508D-03  0.91716181684307D-04  0.76301180844726D-04
  -.92200668779325D-04  0.12222121423046D-03  -.23290792507161D-04
  cycle =      7    SCF energy =     -648.4954421555   |dE/dxyz| =  0.003641
    3.96285356504675     -0.32594878198489      0.61491724023793      c
    1.45257963718203      3.98860625399898     -1.06310477732231      c
    5.34022684181662      1.84117190078197      0.03883979601435      c
    4.07976681011186      4.00776477222739     -0.81105573962630      c
   -6.90760489653006      1.76398971161735     -0.08083491339356      c
    1.31530193180891     -0.40509975602622      0.33128862775184      c
    0.08756096912361      1.79874694008017     -0.52506440538217      c
    1.27231941906769     -4.76444712318003      1.60517806172708      o
   -3.65661479738022      2.33728905001728      3.15435776142311      o
   -2.49805347043143     -2.90377828542537      0.72356473674263      o
    0.10097466419155     -2.84744025128003      0.93995803784425      c
   -4.28550259365181      2.01673370273693      0.94895050940196      c
   -2.52724983089353      1.86633031400428     -1.03532069379748      o
   -3.09622465162101     -4.59314968380769      1.20395865345840      h
    4.89240820079923     -2.01100298585390      1.31327814683738      h
    0.43068967481151      5.65340355481366     -1.67482371239883      h
    7.37765489634614      1.84447810437406      0.25317384363731      h
    5.13360390436165      5.70106486625351     -1.28488581402145      h
   -7.10324128431461     -0.07940646196097     -0.99581432714458      h
   -8.27090508332881      1.94564001237122      1.45256238539092      h
   -7.26315089847114      3.21255397766360     -1.51388165504285      h
  -.97231815006398D-04  -.42981990632676D-03  -.82759256640799D-03
  -.38331515175152D-03  -.30015440826796D-03  0.21005813373818D-03
  0.69081751846718D-04  0.18340999761555D-04  -.41720992434218D-04
  0.10988394502613D-03  0.13759247235537D-03  0.30563183490295D-03
  0.10368617592374D-04  -.35637459208828D-03  -.35384509759746D-04
  -.31353675451606D-03  -.22970238036432D-03  0.69191042189985D-03
  0.76720629987501D-03  0.13438580553018D-02  -.63875504846624D-03
  0.21229179574864D-03  -.19816105638864D-04  0.12336628558488D-04
  0.54602880545818D-03  0.19888685068473D-04  0.31736102958911D-03
  -.44131475924285D-03  -.38101418634426D-04  0.28840833117339D-03
  0.16956990675339D-03  0.14972507546702D-03  -.59850716802782D-03
  -.26215671775671D-03  0.15755085019557D-03  -.95615394090236D-03
  -.50181547025248D-03  -.14018892991809D-02  0.10841797157988D-04
  -.57906062688566D-04  0.82673919127451D-04  -.83938147296017D-05
  -.37554068043583D-04  0.48424946573978D-03  0.10606505068033D-02
  0.41507773421903D-04  0.41934131663032D-03  0.12265898730686D-02
  -.27798231078326D-04  -.69280840252048D-04  -.43897900322705D-04
  0.68608090364569D-04  -.31528427914479D-03  -.87967897983182D-03
  0.92986119778962D-04  0.16103972841013D-03  -.13206929445056D-03
  0.14844401164410D-03  0.82074022765676D-04  0.81086634400198D-04
  -.10084362082337D-03  0.94762474820274D-04  0.48309595351752D-05
  cycle =      8    SCF energy =     -648.4954778377   |dE/dxyz| =  0.003242
    3.96965003159139     -0.33359565160953      0.58224335837305      c
    1.45385324712611      3.98833104472692     -1.06597490504525      c
    5.34322864749715      1.84180767693083      0.02937638827150      c
    4.07804729403111      4.01716505879030     -0.79008449621448      c
   -6.90807282479789      1.76946501912142     -0.09750848402438      c
    1.31885184765826     -0.40625611996108      0.32381086098752      c
    0.08752924062474      1.79944903683691     -0.52281441518549      c
    1.27115339751173     -4.75990352537883      1.62468334570065      o
   -3.67591492687223      2.26095595975211      3.16953829443264      o
   -2.49753645257979     -2.88099737457871      0.78070816271542      o
    0.10286327860403     -2.83986650840308      0.96360970087534      c
   -4.29210886891730      1.99266471716287      0.95447146323868      c
   -2.52650003767939      1.87785293224228     -1.02862967607978      o
   -3.10035269841568     -4.56204375661511      1.28359841408399      h
    4.90450169773821     -2.03914624640210      1.22191319436820      h
    0.43662825169069      5.62977320960497     -1.74541000520354      h
    7.38219360087232      1.84253148989076      0.22981132377277      h
    5.12280419418016      5.73491143598518     -1.19072027270656      h
   -7.10459414522035     -0.05843023689420     -1.04378672003303      h
   -8.28338468079611      1.93164339078803      1.42728457741594      h
   -7.24544708580224      3.24118827943139     -1.51087834740554      h
  0.58404706201266D-04  0.29691471804346D-04  0.39285622845786D-03
  -.26217516376569D-03  0.23328784613609D-03  0.14726676406373D-02
  -.79779241841573D-04  0.11542795287804D-03  -.31308360673423D-03
  0.23470176783037D-03  -.33220526507522D-03  -.73891054875482D-03
  0.15045032839379D-03  -.15786997879635D-03  0.44177775258144D-04
  -.35680019009564D-03  -.26978633182821D-03  -.32071826758418D-03
  0.26924365499057D-03  0.10488999606106D-02  -.19929594246025D-03
  -.10309219478618D-03  -.28909725352775D-04  -.19784098352046D-03
  0.16992675855119D-03  -.69253005895471D-03  0.56334341958506D-03
  -.12459371104617D-03  0.52653950776206D-03  0.60368759990352D-03
  0.11589279819945D-03  -.95136566551171D-04  0.29507495843458D-03
  -.22853059827388D-03  0.52669466922346D-03  -.72573319845167D-03
  -.18469636494247D-03  -.98077218881643D-03  -.18561223732756D-03
  0.71106070756103D-04  0.68552040265110D-04  -.98204229017460D-05
  0.73706703993909D-05  -.16467497468410D-04  -.57744146241043D-04
  0.18707427932548D-03  -.26510794052745D-03  -.87038924852130D-03
  0.46143179615308D-04  -.17012100887867D-03  -.45034406026908D-03
  -.12099296239130D-03  0.28399451313341D-03  0.91922767178790D-03
  0.12328377936312D-03  0.11173157711205D-03  -.21630439932670D-03
  0.75066290572612D-04  0.19968718834531D-04  0.29486281164327D-04
  -.36717102347841D-04  0.46330781308401D-04  0.66076650532707D-05
  cycle =      9    SCF energy =     -648.4955712188   |dE/dxyz| =  0.001983
    3.96598810442447     -0.32819700749553      0.60535089178275      c
    1.45261806019364      3.97817659445443     -1.08469938172648      c
    5.33870539358194      1.84748727989904      0.05200922505903      c
    4.07557358044606      4.01203992802246     -0.79897906035314      c
   -6.90953425407931      1.77629522611055     -0.07621412112104      c
    1.31723497074524     -0.40857958498471      0.32910796955592      c
    0.08564375105419      1.79217345177354     -0.53012323021668      c
    1.27823710533009     -4.76514862143772      1.62050519429218      o
   -3.66618928947428      2.32019764183703      3.17077033125998      o
   -2.49023746048428     -2.90999917415576      0.72439177926631      o
    0.10699590786021     -2.85137296137881      0.94573886304725      c
   -4.28922376312028      2.01618102006349      0.96269124243961      c
   -2.53032673956515      1.87656630813313     -1.02589959241555      o
   -3.08888863707653     -4.59666166320544      1.21415853483657      h
    4.90116127486127     -2.03124195053187      1.25110268259676      h
    0.43443823966604      5.61795876416492     -1.76675674140018      h
    7.37419657991398      1.85972623237896      0.28464091286957      h
    5.12254029858840      5.72117223830359     -1.22951644660337      h
   -7.10897803684204     -0.06576618242102     -0.99420685106007      h
   -8.27969016710015      1.95957990924673      1.45086524899832      h
   -7.25287191087860      3.22691238264436     -1.50969568877007      h
  -.34047830299260D-04  0.82433275452462D-04  0.54632809561288D-03
  -.27890208505847D-03  0.13829414759257D-03  0.10436926141311D-02
  0.14790335239594D-04  -.20989153264518D-04  -.54762228581549D-03
  0.16202577990990D-03  -.18856845262558D-03  -.33497590973491D-03
  0.58250755370761D-04  -.39416099820203D-04  0.48204331337240D-04
  -.11846807577234D-03  0.66111683782458D-04  0.48329911411596D-03
  0.29025925046476D-03  0.36797131634555D-03  -.71659232726694D-03
  0.13029296460518D-04  -.11362788582657D-03  0.11822310349221D-04
  -.10283243764155D-03  0.67650318571058D-04  0.15307705539433D-03
  0.58630339813340D-04  0.51988355905672D-04  0.25578287937704D-03
  0.56636330353862D-04  -.12428437565529D-03  -.33383598660419D-03
  -.98474286685611D-04  0.20655893395408D-03  -.24115815378941D-04
  -.11839301365364D-03  -.43030045894807D-03  -.55839600802080D-04
  -.17333827284065D-04  0.41214219726446D-05  0.53767215906689D-04
  0.37566789602298D-04  -.80186161887593D-04  -.27317641493859D-03
  0.12164628495521D-03  -.13266707651363D-03  -.48911874154487D-03
  -.10978534890066D-04  0.27526800739053D-04  0.13457659537625D-03
  -.38669699588338D-04  0.70243547689201D-04  0.21569886281743D-03
  0.56541130173228D-04  0.51935151720656D-04  -.15451111763119D-03
  0.23428588633286D-04  -.23519285083709D-04  0.75180486043125D-05
  -.57273401370592D-04  0.18910817974537D-04  0.20078719691419D-04
  cycle =     10    SCF energy =     -648.4955959485   |dE/dxyz| =  0.001356
    3.96244323892821     -0.32520318569653      0.61185907818252      c
    1.45320878043408      3.97537041702676     -1.09913879322681      c
    5.33569755913493      1.85080818885853      0.06109270067299      c
    4.07474809527615      4.01213069100671     -0.80169773340156      c
   -6.90693324899661      1.77663943506721     -0.06561946382299      c
    1.31574517843873     -0.40980239920228      0.31914466667334      c
    0.08583284835941      1.78899067692705     -0.54569146521678      c
    1.26975745162492     -4.75469550671283      1.64671538755289      o
   -3.64647343552277      2.30553254615046      3.16590285226874      o
   -2.49149175583795     -2.91538546740373      0.69139688827842      o
    0.10278089221036     -2.84958842665459      0.94178160313153      c
   -4.28055452884522      2.01057517003863      0.95985429594392      c
   -2.53062114719842      1.87560321098481     -1.03625701870011      o
   -3.09098949472321     -4.60048832822740      1.18551373209169      h
    4.89493295706814     -2.02089601296832      1.28064641593115      h
    0.43386718192312      5.62030350270576     -1.76701276062109      h
    7.37099458678680      1.86296996664814      0.29563661619567      h
    5.12331969697649      5.71858200311091     -1.23908444496369      h
   -7.11685538456034     -0.06662331050500     -0.97869330213431      h
   -8.26886359661812      1.96629741500179      1.46814299737238      h
   -7.25315286681379      3.22637924526528     -1.49925048987024      h
  -.83436223520677D-04  -.43535646867193D-04  0.14064799609948D-03
  -.11925811810144D-03  -.49744669188553D-04  0.17338020349589D-03
  -.13626011598298D-04  0.13661321454553D-03  0.19368997376616D-04
  0.58869966780225D-04  0.21034766386274D-04  0.21715880751216D-03
  0.23897148718690D-05  -.13972725619366D-03  0.34276049783598D-04
  -.52473007630678D-04  0.40397221148263D-04  0.33558741004202D-04
  0.73499128134323D-04  0.10599903118895D-03  -.62519654719080D-03
  -.16675696395358D-03  0.23447900641263D-03  0.22819137382151D-03
  -.70793301168699D-04  -.14612441470924D-03  -.43856127534976D-04
  0.97922672538748D-04  0.14918662100340D-03  0.27515573695447D-03
  0.54357692640595D-04  -.41204171128417D-03  -.53930799942981D-03
  0.17934534791814D-03  0.40916401818869D-03  -.59570802306145D-04
  -.28981489766661D-04  -.43949326956404D-03  0.17584959021130D-03
  0.16351772126808D-04  0.20159605658543D-05  0.35001435349005D-04
  0.28581844500536D-04  0.56862939586550D-04  0.15841339485991D-03
  0.59709900050727D-04  0.56637295367287D-04  0.32955136857260D-04
  0.28323159496334D-04  -.64905158702629D-04  -.15336889073702D-03
  0.60615249119651D-06  -.17100413352801D-04  -.55706623084114D-04
  0.11193662337650D-04  0.68672218766931D-04  -.87031463536316D-04
  -.19163170839988D-04  -.23866964661574D-04  0.11932793062173D-04
  -.44145478245763D-04  0.74798421691261D-04  0.71721969088042D-04
  cycle =     11    SCF energy =     -648.4956110754   |dE/dxyz| =  0.001261
    3.96123167694671     -0.32878478136200      0.60039493140481      c
    1.46158280259729      3.98450070214244     -1.09220276580159      c
    5.33962188831623      1.84557940396159      0.05693152038372      c
    4.08388262415561      4.01205434726591     -0.80142041174277      c
   -6.90399102810488      1.75348370442798     -0.06286548431656      c
    1.31256272312367     -0.40142657783235      0.32208226084764      c
    0.08754789290039      1.80348484203701     -0.53325292024170      c
    1.25354811500449     -4.74530709402870      1.65252421147448      o
   -3.65377348618435      2.32744611987657      3.17247366064367      o
   -2.50040515032113     -2.90035356381085      0.67512973474967      o
    0.09280302228832     -2.83810962492306      0.94187762557647      c
   -4.28241199245036      2.01883272373330      0.96677615884170      c
   -2.52783991208952      1.89757057659831     -1.02642516749099      o
   -3.10678690780846     -4.58346505388659      1.16731543336923      h
    4.88916483783374     -2.03155893476549      1.25723540125952      h
    0.44467236700439      5.63370143291037     -1.75313690736641      h
    7.37461026348431      1.85306955861928      0.29397319438806      h
    5.13680479117683      5.71625997074690     -1.23709000319316      h
   -7.10483463445082     -0.11198352081269     -0.93201745877092      h
   -8.27268790933959      1.97607236763644      1.46025312396207      h
   -7.24790897603795      3.16643323288699     -1.53331437563930      h
  0.18015801635724D-04  -.17680254841057D-03  -.56787613799962D-03
  -.42826216191832D-04  -.42233849030812D-04  -.13306060987149D-03
  -.37538518818122D-04  0.70739098781844D-04  0.27005926681250D-03
  0.12668434271522D-03  -.51377979548797D-04  -.10837293914540D-03
  0.21569589979432D-04  -.50475124371081D-03  0.33305719000572D-04
  -.44309883158519D-04  0.16768679792434D-03  0.41059546333388D-03
  -.12656691402693D-04  -.90463861924057D-04  0.23826171148656D-03
  0.11375869729708D-03  -.97868698799665D-04  0.94608096883686D-04
  -.94763215582326D-04  0.20476925519599D-03  -.23379572629660D-03
  0.10877008443878D-03  0.14047340124941D-03  0.10999903172671D-03
  -.20625419238412D-03  0.81242838218932D-04  -.28591333484751D-03
  0.14481113375258D-03  0.12395996134343D-03  0.32980837938529D-03
  0.95240991513768D-04  -.17061760892474D-03  -.11222999061403D-03
  -.75481273585694D-04  0.44723659973544D-04  0.16950289733105D-04
  -.37705859258088D-04  -.73475454823380D-05  -.17725048673399D-04
  -.18423811968315D-04  0.83537230609065D-04  0.14148028011604D-03
  -.10534916231522D-04  0.10724699763096D-04  0.66776719778086D-04
  -.34878680859902D-05  0.96403008220240D-05  -.42458557287466D-04
  -.24247916785462D-04  0.84611577031095D-04  -.10048363780134D-03
  0.28522662939961D-04  0.76498969874138D-04  -.35072405936383D-04
  -.37814716277974D-04  0.70651521496838D-04  -.30492291225798D-04
  cycle =     12    SCF energy =     -648.4956178369   |dE/dxyz| =  0.001012
    3.96234545931790     -0.32496403902135      0.60899513153988      c
    1.45669389885187      3.97910180957630     -1.09745197981089      c
    5.33764977803829      1.84958823502168      0.05863220256793      c
    4.07875959733165      4.01168156405106     -0.80585949956121      c
   -6.90746733513434      1.77156019531454     -0.06282153000527      c
    1.31409161292707     -0.40371140866573      0.32757989046789      c
    0.08561733125608      1.79761863377243     -0.53305367592857      c
    1.26655690966782     -4.74891780513396      1.65363418330979      o
   -3.65384605554502      2.29930053806456      3.17677362039264      o
   -2.49183655900356     -2.91638596906038      0.67176050793300      o
    0.10056337177528     -2.84462334616417      0.94379395312322      c
   -4.28417714125236      2.01003782191161      0.96887962944384      c
   -2.53027063596083      1.88890225777119     -1.02511028630762      o
   -3.09248955444758     -4.60254903724533      1.16062024552757      h
    4.89329318992353     -2.02512975485416      1.26837031828842      h
    0.43821847412770      5.62301736170933     -1.76901320229198      h
    7.37213530909290      1.86211235953948      0.29979070264985      h
    5.12892582369013      5.71693691727053     -1.24402753482582      h
   -7.12439846259111     -0.08939732277902     -0.93786122607675      h
   -8.27486456691462      2.00114439410046      1.46045111812669      h
   -7.23810743710585      3.19217642624229     -1.52884080622496      h
  0.48173927251420D-04  -.48770421326195D-04  -.17299910263342D-03
  -.34753128347031D-05  -.28630979820573D-04  0.76464538691990D-04
  0.22196101256646D-05  0.18831844192517D-04  -.10002977106158D-03
  0.35162394482674D-04  -.64380398745394D-04  -.16326429666845D-03
  0.15676059709898D-04  -.33953255281546D-03  0.21683112951071D-04
  -.72843316331214D-04  0.92385979332265D-04  0.48108926866153D-03
  -.40255304313221D-04  0.23851310589202D-03  0.14189493666695D-04
  0.12116105363533D-03  -.82232093639135D-04  -.18513615199130D-04
  -.36191419267630D-04  -.10504049663126D-03  -.10651690716414D-03
  0.46952986523933D-04  -.57047852317408D-04  0.17763866604977D-03
  -.10453821823548D-03  0.67126500385522D-04  -.28225897425449D-03
  -.17725758671088D-04  0.28336402041739D-03  0.19752388476206D-03
  0.96781638115828D-04  -.32999303766725D-03  -.92131572516887D-04
  -.45382246184179D-04  0.33553199759167D-04  0.22127557908120D-04
  -.27797557495287D-05  -.35165804713890D-04  -.46396182636853D-04
  0.22390659675995D-04  -.14673105368400D-04  -.35726425100494D-04
  -.18128068567923D-04  0.43564400748235D-04  0.15886791883918D-03
  -.17943308651759D-04  0.12600930926638D-04  0.37270701725991D-04
  0.43057875059950D-05  0.13026567321293D-03  -.12134253899881D-03
  0.19355488651110D-04  0.84675890866793D-04  -.17224283178219D-04
  -.39676743352874D-04  0.13057480261605D-03  0.13281674549913D-04
  cycle =     13    SCF energy =     -648.4956230883   |dE/dxyz| =  0.001262
    3.96022582544141     -0.32356244808019      0.61365178773202      c
    1.45725628639501      3.98143240495061     -1.09434087265050      c
    5.33752794609277      1.84792159908608      0.05619436541107      c
    4.07909518903283      4.01290374716778     -0.80136330929374      c
   -6.90640160401236      1.76859249403577     -0.05772444566343      c
    1.31277414442217     -0.40338207574556      0.32473155808122      c
    0.08542856312429      1.79858137822160     -0.53659550676566      c
    1.25953260724373     -4.73975818449936      1.68050942195366      o
   -3.65051047611896      2.30953398957191      3.17639421462220      o
   -2.49077880572130     -2.92285317049505      0.64383159027051      o
    0.09780013405850     -2.84282116540742      0.94529882006755      c
   -4.28213317592559      2.01451474521694      0.96949008245272      c
   -2.53079807236375      1.89395434234606     -1.02703796896128      o
   -3.09102335868658     -4.60912031018578      1.13309304373690      h
    4.89063310361330     -2.02356562285113      1.27435619182205      h
    0.44036443143489      5.62507247240429     -1.76907288969405      h
    7.37393224093026      1.85409611713090      0.28120066010286      h
    5.12945271459645      5.72016076752487     -1.23130133316844      h
   -7.12640921438260     -0.10311526301492     -0.90922306954103      h
   -8.27271840183950      2.01732491012803      1.46364527910983      h
   -7.23585706929003      3.17158910391593     -1.54049585728678      h
  -.65100443173247D-04  0.18896812117878D-03  0.64383074040335D-03
  -.23648932279917D-04  0.66247683944933D-04  0.31646687377597D-03
  0.17573679365501D-06  0.62728531997231D-06  -.26639200546098D-03
  -.23355359131529D-04  -.55861061051053D-04  -.22048503095816D-04
  0.80997115215290D-04  -.29544372270109D-03  -.19965159471500D-04
  0.86347615292414D-04  -.71915946519390D-04  -.17813356632657D-03
  -.12060464033756D-03  0.39730025716026D-04  -.16756912650645D-03
  -.55190057625969D-04  0.58891418509373D-04  0.19093228256091D-03
  -.18985342853892D-03  0.27037455252427D-03  0.11292161075205D-04
  0.26104090610667D-03  -.70611806549893D-04  0.76662889478619D-04
  -.22182867141605D-03  -.15167935551593D-03  -.29273253279633D-03
  0.16713151045442D-03  -.14868235773527D-04  0.19125446524624D-03
  0.20162021860113D-04  -.46275468173636D-04  -.14366480662063D-03
  0.15846741444609D-04  -.91296914262422D-05  -.14984347792672D-05
  0.46252320000063D-04  -.48015713221771D-04  -.36314557352132D-04
  0.63198959128506D-04  -.61681167165370D-04  -.24936647438181D-03
  0.61933691485610D-04  -.10369299053938D-03  -.29422885056753D-03
  -.26372124548722D-04  0.95343321017469D-04  0.28625750366622D-03
  -.12828925094830D-05  0.75615490554964D-04  -.47769242613391D-04
  -.22096678251265D-04  0.82382700138808D-04  -.46963110932712D-06
  -.40918653803463D-04  0.95701798122332D-04  0.42804462496018D-04
  cycle =     14    SCF energy =     -648.4956418749   |dE/dxyz| =  0.001001
    3.95539763466654     -0.32032035614677      0.61721675713416      c
    1.46425843465270      3.98516908089103     -1.10700799703390      c
    5.33668715469286      1.85073373818294      0.06892800548649      c
    4.08518337585613      4.01323969978946     -0.80597155668904      c
   -6.90272191788809      1.75652441905634     -0.04384733067533      c
    1.30911354161502     -0.39754892715058      0.31720003036880      c
    0.08720267554347      1.80617820865440     -0.54635598246095      c
    1.24282073284258     -4.73005512304086      1.68512368339308      o
   -3.63543440773513      2.28652648873229      3.18119122651455      o
   -2.49876788424055     -2.91283365478233      0.61351803884101      o
    0.08787728025999     -2.83351714753893      0.93756655041517      c
   -4.27573854546595      2.00738662538965      0.97459269455802      c
   -2.53024455638732      1.91091556386202     -1.02841538292873      o
   -3.10501852760368     -4.59721790947119      1.10182611559672      h
    4.88013833104032     -2.02066563636532      1.28455827747185      h
    0.45044893404623      5.62934599618399     -1.78495845636581      h
    7.37034484339014      1.85983161284785      0.31686490854633      h
    5.14111611401671      5.71360364666603     -1.24929312826276      h
   -7.13099422494421     -0.12901868747578     -0.86264197914408      h
   -8.26546704849657      2.03477936828654      1.47550618874353      h
   -7.22880893181627      3.13444282485059     -1.55035890117144      h
  0.48344831753018D-04  0.11126391085867D-03  0.23931740479250D-03
  0.59970931792780D-04  0.13671205315700D-03  0.26966589692812D-03
  0.18260211112233D-04  -.75365401306234D-04  0.75254317388049D-05
  -.48419532349610D-04  0.89390268691268D-04  0.14432525284223D-03
  -.30568624678380D-05  -.42118042775291D-03  0.70301585763323D-04
  0.96020143193658D-04  -.87662074754244D-04  -.36609139189738D-03
  0.55286708466440D-04  -.18364178250798D-03  -.31441759926740D-03
  0.10254259806688D-03  -.14424982845758D-03  0.73639217614725D-05
  0.43211302781542D-04  0.19800154890233D-03  -.63096994847720D-04
  0.57065044686966D-04  0.66678359201923D-04  0.24087362665716D-04
  -.18540748809903D-03  0.15087691930111D-03  0.90863486200708D-04
  -.98015839754250D-04  -.69425595298188D-04  0.11846696557224D-03
  -.67384355969058D-05  0.10156537099116D-03  0.20296332600038D-03
  -.67786911646892D-04  0.61051283058225D-05  -.13430624526669D-04
  -.37040565324621D-04  -.22754307879077D-04  -.90842529176017D-04
  0.44077413819063D-05  -.60408703967376D-04  -.14126524331672D-03
  -.17777719144739D-04  0.18077256468223D-04  0.69560061126294D-04
  0.12727870371456D-04  -.46252557118221D-04  -.12995890847736D-03
  -.18181899133441D-04  0.86229586722368D-04  -.68379544232625D-04
  0.13169168537414D-04  0.10743566801877D-03  -.26554204196882D-04
  -.17606844884031D-04  0.98136665760598D-04  0.67631138652913D-05
  cycle =     15    SCF energy =     -648.4956543150   |dE/dxyz| =  0.000808
    3.95335489564029     -0.31893554075043      0.61593345415761      c
    1.46724227785149      3.98990521040562     -1.10689331637894      c
    5.33776507448719      1.84889830517384      0.06332956532299      c
    4.08871927930974      4.01338753754928     -0.81035877739568      c
   -6.90201785607182      1.75299319156706     -0.03891441869595      c
    1.30615884160878     -0.39085039762680      0.32307675556986      c
    0.08720549681004      1.81343438383995     -0.54317189155402      c
    1.23205005055910     -4.71427581796616      1.71853201286020      o
   -3.63237078499911      2.26241311309162      3.18664513776371      o
   -2.49810073631865     -2.91684235308370      0.57671840570713      o
    0.08299572247808     -2.82606913264700      0.94189199715152      c
   -4.27464006346518      2.00094343403080      0.97826256986851      c
   -2.52985378609360      1.92267530020838     -1.02598672075972      o
   -3.10543134735979     -4.60055531308950      1.06585384875271      h
    4.87536959018328     -2.01911845913742      1.28740429072533      h
    0.45350227489230      5.63855492002079     -1.77411687226938      h
    7.37172184806685      1.85487360428631      0.30887090822704      h
    5.14663748744072      5.71297740212490     -1.25207363529032      h
   -7.14423049946993     -0.14913325351543     -0.81522542662897      h
   -8.26476266910464      2.07353929748324      1.47210002264984      h
   -7.21392208840023      3.09868439945602     -1.57663614744582      h
  0.14235858271296D-03  -.15435792430327D-04  -.23941987217743D-03
  0.18854714538875D-03  0.73308451941607D-04  -.65604905307671D-04
  0.45608803190226D-05  -.10949797375014D-03  0.22821399905757D-04
  -.62912929844001D-04  0.40243401916953D-04  -.31938688532653D-05
  -.27583217340795D-04  -.35698247003036D-03  0.10636275757309D-03
  -.17193900627473D-04  0.11539567430526D-03  0.29039293522583D-03
  -.95478245978178D-04  -.10563160735655D-03  -.10186275681437D-03
  -.34015487751471D-04  0.45836125924269D-04  0.12075793737641D-03
  0.10975282788080D-03  0.20417859582709D-03  -.62691591118078D-04
  0.86865922201745D-05  -.44533330324646D-04  -.13187134293800D-03
  0.24347142893938D-04  -.76433147952579D-05  -.31345006668229D-04
  -.11266278051705D-03  -.19773190645580D-03  0.38309465469586D-04
  0.62509460983476D-04  0.10999963433280D-03  0.20516680902563D-05
  -.60739076636107D-04  0.31696422973145D-04  -.21100020973854D-04
  -.71567986278110D-04  0.13352825408922D-04  0.92096491052482D-05
  -.57589706749761D-04  0.10589097385405D-04  0.13073704895461D-03
  -.32473414755289D-04  0.27930502353512D-04  0.92325432011164D-04
  0.77250691287693D-05  -.29089031727313D-04  -.47027318066356D-04
  -.28338890388766D-05  0.69180355087486D-04  -.23054999654169D-04
  0.26287089114175D-04  0.15089853426668D-03  -.31210629240679D-04
  0.11257559403872D-04  0.54677261599005D-04  -.22842433210457D-04
  cycle =     16    SCF energy =     -648.4956505138   |dE/dxyz| =  0.000554
    3.95616362102104     -0.32024186373377      0.61560325206462      c
    1.46264728067228      3.98591434032110     -1.10301049942028      c
    5.33716432272014      1.84981981727213      0.06243564355923      c
    4.08428019284313      4.01334268091647     -0.80749079597687      c
   -6.90430495497947      1.76254525097904     -0.04761667159590      c
    1.30902897445550     -0.39626681901006      0.32350734940572      c
    0.08619103624444      1.80733567986104     -0.53935880472024      c
    1.24711984261731     -4.72878072230091      1.69003759847606      o
   -3.64060557501675      2.27211456345709      3.18377399332141      o
   -2.49522585562313     -2.91918973025622      0.61125431490307      o
    0.09040005578092     -2.83417235755079      0.94116616169542      c
   -4.27822865809490      2.00446387179769      0.97488264243627      c
   -2.53043603774706      1.91097271476748     -1.02586264995499      o
   -3.09773086977304     -4.60510682360718      1.09879897610303      h
    4.88190361396318     -2.01935485753810      1.28494624200470      h
    0.44715683018121      5.63294081261944     -1.77165747589675      h
    7.37199945193504      1.85669530867906      0.30101558710106      h
    5.13913681353048      5.71543035339822     -1.24700159109079      h
   -7.14195941474348     -0.12986352527477     -0.84838128437270      h
   -8.26891628454914      2.06142960815083      1.46621028021328      h
   -7.21839137739278      3.12747152847357     -1.56801050591771      h
  -.13718466657063D-04  0.91071621914756D-05  -.50642306209458D-04
  0.43039890093592D-04  -.24144154257691D-05  -.10776983162558D-03
  -.21440937782072D-04  -.21469592823106D-04  0.61570737251089D-04
  -.19487375110775D-05  -.37266587909669D-05  0.22183261388788D-04
  0.41906835991079D-04  -.26477945047174D-03  0.22117236996184D-04
  0.60638197948213D-04  -.28214833206182D-04  0.27254002580544D-05
  -.11245366833012D-03  -.16525628124860D-05  0.93701336140042D-04
  0.59983505997001D-05  -.12111651702808D-04  -.20991600870331D-03
  -.16017819989323D-04  0.22267901923828D-03  -.16522639228665D-04
  0.64144044710668D-04  -.49048806678779D-04  0.97157377153386D-04
  -.97555662071540D-04  0.42818381593259D-04  0.10493830103229D-03
  0.13054550003004D-04  -.96557240606622D-04  0.25477949875538D-04
  0.45950491172088D-04  -.35660191335531D-04  -.65392954554271D-04
  0.31219806802514D-05  0.16363239817906D-04  0.10785985668255D-04
  -.88023130935002D-05  0.82119928332530D-05  0.63405863784263D-04
  -.23459899613150D-04  0.37361085817158D-04  0.47056636244313D-04
  0.20042665677340D-04  -.14655664506883D-04  -.63695187353730D-04
  0.12708884806491D-04  0.26273925639052D-04  0.25945906850599D-04
  0.13785605835532D-04  0.77351103799950D-04  -.50764185182799D-04
  -.38251842985958D-05  0.64892288825816D-04  0.25219091577002D-06
  -.14113065548068D-04  0.90297559254936D-04  0.25024081410071D-04
  cycle =     17    SCF energy =     -648.4956548655   |dE/dxyz| =  0.000560
    3.95616849385520     -0.31940583562955      0.61577269351955      c
    1.46309562732280      3.98661608803478     -1.10357454394930      c
    5.33730884048865      1.85069660315356      0.06306331540335      c
    4.08479167164757      4.01368992497255     -0.80865595683176      c
   -6.90451316199863      1.76406301970980     -0.04646775714401      c
    1.30900590250724     -0.39530537283469      0.32350005019556      c
    0.08620263266059      1.80872118996960     -0.53839466025809      c
    1.24480528889109     -4.72370857254335      1.70372549382858      o
   -3.64149109514519      2.25636993756101      3.18832654828129      o
   -2.49392635725572     -2.92062559069250      0.60118505089811      o
    0.09002554248740     -2.83245342956944      0.94325745808226      c
   -4.27870004783343      2.00031513745262      0.97795357330001      c
   -2.53070858497403      1.91417102709783     -1.02319483444003      o
   -3.09729799579817     -4.60572501688860      1.09050357651210      h
    4.88203697284018     -2.01989621497852      1.28145873767969      h
    0.44824169901471      5.63180034783670     -1.77769522226594      h
    7.37198156342058      1.85791800439929      0.30307337582559      h
    5.14001652912742      5.71493375085094     -1.25054352753910      h
   -7.14612930630227     -0.12957342452607     -0.84352282509789      h
   -8.26982531422369      2.06860017697662      1.46558178687427      h
   -7.21369589268738      3.12629808106875     -1.57011057053663      h
  -.22654691693116D-04  0.61628169420471D-04  0.78380709747871D-04
  0.22252268663545D-04  0.73185431084936D-04  0.68049210163912D-04
  -.48707658171291D-04  -.41494210743041D-04  0.80044070609363D-04
  0.70357176523996D-04  -.44769507980085D-04  -.18201118749363D-04
  0.29230307760965D-04  -.19590482676788D-03  0.19630275854873D-04
  0.76141263729291D-04  -.73327430935840D-04  -.13381773774884D-03
  -.42403434938101D-04  -.27527012747383D-04  0.12886881243750D-03
  -.10960524363755D-03  0.13013833847969D-03  0.11242222935270D-03
  -.33379339688755D-04  -.70501878712629D-04  -.64939347187800D-04
  0.66307067975977D-04  -.60726523806425D-04  -.97587038569216D-05
  0.58824007115857D-04  -.49862193314813D-04  -.41908695560786D-04
  -.44973304865898D-04  0.13296653750242D-03  0.21938503009345D-03
  0.21443571659661D-04  0.27238945272114D-04  -.13431213722599D-03
  -.94081224396489D-05  0.17977859435203D-04  -.10544981941818D-04
  -.22547368202194D-04  -.81717692906075D-05  -.82975730587755D-04
  -.20054919338866D-04  -.21710553137039D-05  -.95117802686062D-04
  -.80456578240771D-05  0.87744030313248D-05  -.17164849334079D-04
  0.74857985787217D-05  0.15128574069481D-04  -.34779565420609D-05
  0.41549704610168D-05  0.47711025613681D-04  -.39894177016633D-04
  0.10821879879962D-04  0.74468850069541D-04  -.16392630159675D-04
  0.57808577625154D-05  0.59852286620495D-04  -.26489075752059D-05
  cycle =     18    SCF energy =     -648.4956579006   |dE/dxyz| =  0.000324
    3.95533403465431     -0.31855651567666      0.61713591337284      c
    1.46391243273056      3.98740493582262     -1.10481269117738      c
    5.33729594633267      1.85082419007464      0.06343265663828      c
    4.08548884342362      4.01398963503682     -0.80897232483887      c
   -6.90413671040419      1.76305908714280     -0.04414383031390      c
    1.30828613621643     -0.39411653696064      0.32328651558349      c
    0.08646938449207      1.80977618721849     -0.54028147024530      c
    1.24241271016767     -4.72230809918601      1.70438864792530      o
   -3.63859252662861      2.25124785916641      3.18859249159920      o
   -2.49473974941719     -2.92000992693450      0.59431588051118      o
    0.08863042155847     -2.83120917538907      0.94185490738684      c
   -4.27750954459583      1.99904616292173      0.97817737599870      c
   -2.53067209401968      1.91673522270519     -1.02400021051292      o
   -3.09848956664726     -4.60539109380634      1.08227656659736      h
    4.88038396707409     -2.01830389122209      1.28590483138858      h
    0.44938125145022      5.63339190233944     -1.77732244664846      h
    7.37186446887389      1.85770847179609      0.30437322125061      h
    5.14120286041822      5.71502705558016     -1.25039714975913      h
   -7.15041132861541     -0.13610158688633     -0.82690979685200      h
   -8.26840534606971      2.08083989384196      1.46612827726889      h
   -7.21031258294942      3.11444605383661     -1.57778560283568      h
  -.48670207435593D-05  0.33598349591260D-04  0.69793841551048D-04
  0.18210411416756D-04  0.21860206134730D-04  0.43397912354762D-04
  -.26699950132262D-05  -.27984707865657D-04  0.48014565514367D-05
  -.36218382845201D-05  0.66417421580556D-05  0.12338056152196D-04
  0.30545060503325D-04  -.15791680597288D-03  0.32405225559822D-04
  0.76800999988635D-05  -.31400066605246D-04  -.68853456152443D-04
  -.66111462323320D-05  0.60144190425290D-05  -.22612797955225D-04
  0.32490312238473D-04  -.70278051495480D-04  -.34448941337066D-04
  0.28428467256510D-04  0.13167357099265D-03  0.31810124363296D-04
  0.23064120334556D-04  0.23993632517420D-04  0.17201916307205D-04
  -.69123686847347D-04  0.76485128196393D-04  0.49660276109015D-04
  -.82812359214463D-04  -.58952944273393D-04  0.27851457514078D-05
  0.15547293394263D-04  -.27876187314832D-05  -.25495340629261D-04
  0.11295748048626D-05  -.80002382597668D-06  -.64463230534495D-05
  -.46606114716410D-05  -.20174779957308D-04  -.63688307058606D-05
  -.83308458082612D-05  -.56108052727706D-05  -.32486984501502D-04
  0.16142343548092D-04  0.23571563496110D-05  -.13458858482414D-04
  0.14090472508428D-04  0.13071780755421D-04  0.80900024604918D-05
  0.72388414813968D-05  0.36503175451381D-04  -.16006616862673D-04
  0.24854722104520D-05  0.67784764157481D-04  -.46633702854409D-05
  -.32046668269549D-05  0.32953684235894D-04  -.57941605368828D-05
  cycle =     19    SCF energy =     -648.4956270090   |dE/dxyz| =  0.002521
    3.94752013074754     -0.31092428640914      0.62999582350635      c
    1.47117246748733      3.99421780697203     -1.11615520208873      c
    5.33694785146726      1.85185624763835      0.06723414260014      c
    4.09156774468870      4.01659669227887     -0.81133678211313      c
   -6.90049210855587      1.75360092434280     -0.02318572726257      c
    1.30164592018254     -0.38367176283575      0.32112559444485      c
    0.08887826783020      1.81882607794520     -0.55796978833826      c
    1.22119528127807     -4.71139753485119      1.70544229200739      o
   -3.61158794801620      2.20923164302823      3.18929777977789      o
   -2.50208564213839     -2.91406813746434      0.53402684606020      o
    0.07601272879705     -2.82055269342658      0.92792677649413      c
   -4.26641026752652      1.98888834720163      0.97927433492908      c
   -2.53029602172545      1.93920597436256     -1.03197050181006      o
   -3.10880879145814     -4.60249417102296      1.00833848015847      h
    4.86493936273135     -2.00334060105606      1.32775497023131      h
    0.45946170029869      5.64768559611489     -1.77312822026237      h
    7.37054195511539      1.85573974042572      0.31670367627124      h
    5.15162777271610      5.71597406517966     -1.24790526965068      h
   -7.18881062629202     -0.19091229872751     -0.67257775328155      h
   -8.25354316386024      2.19160983384940      1.46703383223547      h
   -7.18208360572247      3.00142836787551     -1.64468354157156      h
  0.24705163626160D-04  -.15278256203944D-03  -.64436149159800D-04
  -.58905156430497D-04  -.20635212638696D-03  -.32793782611910D-03
  0.25474561594726D-03  -.12940589854058D-03  -.46184704486365D-03
  -.22742763951084D-03  0.31216998682243D-03  0.34032050988936D-03
  -.17533834358951D-03  0.38338822951144D-03  0.10916295668632D-03
  -.32312647408945D-03  0.23487790833266D-03  0.39536550834045D-03
  0.50640442794854D-03  -.20000991830298D-03  -.10089027384404D-02
  0.47744847424671D-03  -.60705741746174D-03  -.64566298009225D-04
  0.44984226431823D-03  0.12851465658686D-03  0.28712684158297D-03
  -.41264599825688D-03  0.36892616547974D-03  -.34410209425603D-03
  -.18656296071141D-03  0.41146058784924D-03  0.30782909565163D-03
  -.34452680641736D-03  -.47538870174760D-03  -.83149914851596D-03
  -.15957463037658D-03  0.29095520056131D-03  0.65695474250034D-03
  0.25529705696490D-04  -.74175070839049D-04  0.12419652473538D-04
  0.10853199877533D-04  0.12774015404675D-03  0.54897598350219D-03
  0.15902085967000D-04  0.26121050140028D-04  0.43438484961387D-03
  0.59592704251706D-04  -.22598611080957D-04  -.54586109034379D-04
  0.64849952819592D-05  -.28488480209136D-04  0.49570178695439D-04
  0.24439055716068D-04  -.10726040087897D-03  0.11862887868077D-03
  0.26145921986403D-04  -.57654256955756D-05  0.38549609359392D-05
  0.16777527858964D-04  -.18296882011956D-03  -.64611993642243D-04
  cycle =     20    SCF energy =     -648.4956584301   |dE/dxyz| =  0.000420
    3.95552297412380     -0.31841471125617      0.61708920305496      c
    1.46374533441119      3.98728279090262     -1.10486722336125      c
    5.33739226841863      1.85089613632559      0.06266533923309      c
    4.08533369417481      4.01398631796854     -0.80950152360058      c
   -6.90440665375121      1.76426767419359     -0.04457294904380      c
    1.30833491446220     -0.39395897600081      0.32401848382766      c
    0.08648867459389      1.80965313528728     -0.54021155742750      c
    1.24315555910709     -4.72272168181788      1.70330448003796      o
   -3.63863528047112      2.24735577368338      3.18860498491058      o
   -2.49450589011940     -2.92035165617580      0.59472031044936      o
    0.08898565840749     -2.83142930833004      0.94180939032828      c
   -4.27755314125210      1.99795367175015      0.97785692479206      c
   -2.53063193749317      1.91658515821925     -1.02408248334955      o
   -3.09804432091329     -4.60573769306728      1.08295324172210      h
    4.88067720349428     -2.01758861315290      1.28721398173108      h
    0.44895488916683      5.63384831057720     -1.77541869592191      h
    7.37192305864994      1.85799342940051      0.30387588851209      h
    5.14083776816846      5.71515522237012     -1.25076860717868      h
   -7.15261579858296     -0.13576959939436     -0.82482691863366      h
   -8.26849700981126      2.08461215638441      1.46532127427841      h
   -7.20906895673920      3.11388229355392     -1.57994178202310      h
  0.54665091813539D-05  -.77887619629882D-05  -.28749140494345D-04
  0.26544687303335D-05  -.27677048348825D-05  -.25881007644083D-05
  0.84493735704153D-05  -.14092386527263D-04  -.10377451526828D-04
  -.87213267531744D-05  0.14475973763316D-04  0.16914385193939D-04
  0.21544617716831D-04  -.10105458325723D-03  0.17877092933714D-04
  -.15973737876121D-04  0.48700802981506D-05  0.22876518106369D-04
  0.52771912899384D-05  0.41464987690159D-04  0.36887534830316D-05
  0.64140760690700D-04  -.80201629517538D-04  -.11077698745821D-03
  -.88189655536130D-05  0.26080502789583D-03  -.26868851978358D-06
  -.18348875599740D-04  0.32647424021694D-04  0.82320589639095D-04
  -.57262168012778D-04  0.55985556341627D-04  0.22347073783563D-04
  -.32956969281104D-04  -.17046112295310D-03  -.10191697826422D-04
  0.24355776635292D-04  -.82814486712276D-04  0.20944173083756D-05
  0.45299324903870D-05  0.75549800687042D-05  0.22255413694586D-04
  0.23139143442573D-05  -.71771462482956D-05  0.15799739801564D-04
  -.52287945661649D-05  0.30506352153537D-05  0.16687676781726D-04
  0.12255150875387D-04  0.60304129148029D-05  -.71413399105098D-05
  0.63899217777592D-05  0.76483037734457D-05  0.95148596807235D-05
  0.29408928269719D-04  0.57505889565493D-04  -.66081846695790D-04
  -.77693853125257D-05  -.20961933364607D-04  0.48718749152401D-05
  -.20372223964000D-04  0.72710391350532D-04  0.35219618185208D-04
  cycle =     21    SCF energy =     -648.4956588005   |dE/dxyz| =  0.000290
    3.95545347074843     -0.31830965921490      0.61726877920261      c
    1.46376567517202      3.98732086520504     -1.10497272245020      c
    5.33734895261217      1.85099547984547      0.06286514813208      c
    4.08533127621341      4.01404509466550     -0.80946222638959      c
   -6.90439492962244      1.76432878609648     -0.04427803931608      c
    1.30828549541098     -0.39389725031782      0.32396411603987      c
    0.08648017055314      1.80971022411743     -0.54032955754353      c
    1.24306133705953     -4.72273115437627      1.70305742837747      o
   -3.63836602226394      2.24685227769403      3.18869287709649      o
   -2.49448856048409     -2.92046072464162      0.59391916445981      o
    0.08893596646923     -2.83142489751564      0.94153006105762      c
   -4.27744918441086      1.99790385809099      0.97793179948673      c
   -2.53065209543569      1.91678655779079     -1.02411201490690      o
   -3.09797706471144     -4.60595968786240      1.08183178689794      h
    4.88057752198008     -2.01743373826654      1.28757660167089      h
    0.44899382454094      5.63390093410226     -1.77550399361058      h
    7.37186391015890      1.85811628727244      0.30422467912842      h
    5.14085793518363      5.71520082744339     -1.25072032817265      h
   -7.15345872163935     -0.13660751426063     -0.82211775311119      h
   -8.26837304633376      2.08703832770735      1.46521809798238      h
   -7.20840290315599      3.11212493784594     -1.58134214169400      h
  0.44272232339747D-05  -.29839758190610D-05  -.63305427419210D-05
  0.87684726865448D-05  -.10550561788078D-04  -.12217187819537D-04
  0.11535799671447D-04  -.14027721323670D-04  -.17066411672004D-04
  -.14423121093880D-04  0.15622152881486D-04  0.15175631895796D-04
  0.10272666964255D-04  -.73654082393583D-04  0.19262500860415D-04
  -.21545631430075D-04  0.65551093848176D-05  0.30623955050824D-04
  0.29614906776091D-05  0.29441636694095D-04  -.33207622731058D-04
  0.53061730998288D-04  -.83129841311998D-04  -.77628974960978D-04
  0.26618615971938D-04  0.15461852215014D-03  0.23540545449536D-04
  -.12710860347193D-04  0.31573381799472D-04  0.27060514713181D-04
  -.57210864713090D-04  0.68284681903920D-04  0.44651451501076D-04
  -.49828210130369D-04  -.98693012006025D-04  -.39613023399525D-04
  0.22012042045430D-04  -.33991023705802D-04  0.60459541663195D-06
  0.43820969595571D-05  -.39500988589340D-06  0.89611752834078D-05
  0.15999755902636D-05  -.71291140714790D-05  0.30205493715928D-04
  -.19999920401162D-05  0.21872652947233D-05  0.22179269342217D-04
  0.13177761948404D-04  0.57579028922063D-05  -.51871807676042D-06
  0.83434125862773D-05  0.57014174460366D-05  0.10861259694215D-04
  0.11422569448991D-04  0.27041199014730D-04  -.10056023725787D-04
  -.41562297786631D-05  0.33770011929046D-04  -.99590572237022D-06
  -.53653332404469D-05  0.21587730505538D-04  0.85877821463404D-06
  cycle =     22    SCF energy =     -648.4956588242   |dE/dxyz| =  0.000329
    3.95524239220157     -0.31804392273727      0.61784509069447      c
    1.46414531866522      3.98753504296140     -1.10542113678762      c
    5.33745292667364      1.85095373691725      0.06287452233342      c
    4.08568308359441      4.01401514909110     -0.80980247065935      c
   -6.90425027990604      1.76382083199832     -0.04406624414081      c
    1.30808777829802     -0.39346412901461      0.32406673649400      c
    0.08664615567704      1.81009093959854     -0.54087779365261      c
    1.24238679196250     -4.72259795153448      1.70236486691907      o
   -3.63789295413293      2.24518518106435      3.18871034411486      o
   -2.49510824894467     -2.91937142296092      0.59410495083756      o
    0.08842639168094     -2.83092077677618      0.94138586861448      c
   -4.27717064314517      1.99735085434509      0.97784753024690      c
   -2.53056679312548      1.91755163467385     -1.02430503696071      o
   -3.09886372606831     -4.60492098716536      1.08154292835010      h
    4.88012513675100     -2.01700220994963      1.28894578604271      h
    0.44962669424612      5.63424080261765     -1.77594450435064      h
    7.37194648894237      1.85786049101266      0.30444418420431      h
    5.14141123712671      5.71497042586727     -1.25128532670631      h
   -7.15307355992376     -0.13709390451417     -0.82216227468712      h
   -8.26803246528725      2.08558134758079      1.46580497036352      h
   -7.20882871724101      3.11175869834563     -1.58083122893262      h
  0.36185937489989D-05  -.38442876430706D-05  0.25829409620430D-04
  0.53227793664113D-05  -.15591402864588D-04  0.19411391570543D-05
  0.25617016331541D-04  -.14833301793051D-04  -.51076478650783D-04
  -.23320767412703D-04  0.24407927859488D-04  0.18486701316185D-04
  0.49368335432415D-05  -.18640090331425D-04  0.14876115477637D-04
  -.37476627007839D-04  0.21376204197910D-04  0.49448975077718D-04
  0.40959900994580D-04  0.23087453876279D-04  -.10942717116941D-03
  0.68499625606353D-04  -.11807221520084D-03  -.91060914660799D-04
  0.44357864085834D-04  0.94715540545519D-04  0.44552804303396D-04
  -.36710817041538D-04  0.68052608096976D-04  0.36914659228892D-04
  -.56501934453436D-04  0.77069280259924D-04  0.50943600968639D-04
  -.49334426043167D-04  -.84261711879102D-04  -.89816270386680D-04
  -.39560285989186D-05  0.31796082636907D-05  0.42613557097019D-04
  -.26502594464429D-05  -.69162946039121D-05  0.44660389443722D-05
  0.22542237736344D-05  -.30122577046770D-05  0.49059442680035D-04
  0.65988248663712D-05  -.13684817996028D-05  0.28766665006838D-04
  0.13341417495441D-04  0.10648742039415D-05  0.19344232935187D-05
  0.73182146333271D-05  -.90506734999779D-06  0.81380276276131D-05
  0.11425673390503D-04  0.14925033095439D-04  -.12143469059222D-04
  -.30340949727278D-05  0.53517718816995D-05  0.43285435422361D-05
  -.98927866395495D-05  0.11930071975239D-04  0.79109186579691D-05
  cycle =     23    SCF energy =     -648.4956588138   |dE/dxyz| =  0.000314
    3.95549079468200     -0.31829690383284      0.61728184947392      c
    1.46373703868669      3.98726340788812     -1.10502099377360      c
    5.33736001458917      1.85103964986379      0.06283481970220      c
    4.08527615710345      4.01407163174120     -0.80944753795000      c
   -6.90440687737384      1.76453520972633     -0.04428884991043      c
    1.30831086864370     -0.39394493926300      0.32387750852947      c
    0.08651009769652      1.80960679092390     -0.54053994074164      c
    1.24313144730827     -4.72286463309049      1.70277616168180      o
   -3.63826858041419      2.24643464489542      3.18862491460139      o
   -2.49451249866461     -2.92037621650588      0.59403831613455      o
    0.08895796416693     -2.83148146416478      0.94145707910569      c
   -4.27738022388974      1.99779118871060      0.97781837672801      c
   -2.53064591104566      1.91674921454448     -1.02419141943682      o
   -3.09802613203398     -4.60589457557789      1.08186210950609      h
    4.88063716594816     -2.01728637883091      1.28793571919843      h
    0.44896348305605      5.63389797912386     -1.77536017531979      h
    7.37186285980463      1.85819139246890      0.30432124786063      h
    5.14076287826969      5.71524088158165     -1.25070650985746      h
   -7.15371816488917     -0.13659116007254     -0.82166857866843      h
   -8.26828404601953      2.08742498991748      1.46525817890855      h
   -7.20836532757961      3.11198912137389     -1.58162051343495      h
  0.10893312634154D-04  -.13013964746295D-04  -.20417107927971D-04
  0.24521329402617D-05  -.15108101267343D-04  -.89593926082378D-05
  0.17802537655672D-04  -.81717280052808D-05  -.26899200235840D-04
  -.22648528009777D-04  0.24663085978120D-04  0.28725799480707D-04
  0.83596613802913D-05  -.37062460239570D-04  0.14490874564329D-04
  -.28603787002517D-04  0.17591113903988D-04  0.25300297591830D-04
  0.11227283865581D-04  0.29112139367767D-04  -.50030176014954D-04
  0.57829207302837D-04  -.73806291692497D-04  -.57916042638439D-04
  0.24818670471494D-04  0.18778190703506D-03  0.30492905155516D-04
  -.27268421582382D-04  0.34751165079229D-04  0.16691917420621D-04
  -.46894286013296D-04  0.49369008367905D-04  0.42335542428530D-04
  -.37653721018678D-04  -.13105205492446D-03  -.66712370071787D-04
  0.13997254503467D-04  -.47960506500489D-04  0.23405965986018D-04
  0.58519982599425D-05  0.34576331735952D-06  0.10766033560693D-04
  0.38728088805306D-05  -.32780996860167D-05  0.37524516699461D-04
  0.88447163609626D-06  0.28251198379799D-06  0.30103329312208D-04
  0.11957279094360D-04  0.44783019576444D-05  0.27164944383245D-06
  0.52001168007448D-05  0.29464209978853D-05  0.11161359590796D-04
  0.91098011494633D-05  0.20492048981247D-04  -.51063935175419D-05
  -.53843820806177D-05  0.20918193556414D-04  0.32565703316445D-08
  -.44315848226937D-05  0.14256028655824D-04  0.11853422520360D-05
$end
