$hessapprox internal
  0.758767563685D+00 -0.533957993688D-01  0.451454918452D+00  0.726424702779D+00
  0.130773304829D+00 -0.207033355676D+01 -0.169979073788D+00 -0.319175509643D-01
  0.497834061668D+00  0.912938985417D+00  0.134249981041D+00  0.278502268187D-01
 -0.298079561001D+00  0.682156655961D-01  0.365247886128D+00  0.715364671917D+00
  0.102388218487D+00 -0.222231742957D+01  0.473308686340D+00 -0.328784132717D+00
 -0.166626448467D+01  0.112243250231D-01  0.307951071663D-02 -0.431226722655D-01
  0.783601856092D-02 -0.248111201236D-02 -0.461109749612D-01  0.279737605654D-01
 -0.183943698421D-01 -0.330624253487D-02  0.546919892220D-01 -0.128572890103D-01
  0.550596000751D-02  0.601381828014D-01  0.431743710943D-03  0.578357592826D+00
  0.729204687649D-02  0.336153785644D-03 -0.114406718925D+00  0.211476939020D-01
  0.241545382523D-01 -0.980775868095D-01 -0.219880673392D-02  0.553188740624D-02
  0.351990736654D+00 -0.525550923995D-01 -0.955784822662D-02  0.175940972253D+00
 -0.373678476179D-01  0.167343998470D-01  0.165272916266D+00  0.300379986339D-02
 -0.442743126602D-02  0.120263567687D-01  0.419505324750D+00  0.111009736196D-01
  0.893555862225D-03  0.487402729779D-03 -0.221172937268D-02 -0.197442868269D-01
 -0.786172828223D-02 -0.316824496303D-03 -0.200165585212D-02  0.171477790145D-01
 -0.144591074028D-02  0.353961711153D+00  0.175123106342D+00  0.375612241004D-01
 -0.543262409754D+00  0.127176331034D+00 -0.657855654781D-01 -0.555773405689D+00
 -0.130958048343D-01  0.138842003405D-01 -0.310957575496D-01  0.415943170780D-01
  0.108198697161D-01 -0.379892885951D-01  0.377775991890D-01  0.747615932413D-02
 -0.100025257049D+00  0.240009128725D-01 -0.155473648621D-01 -0.940620726862D-01
 -0.194363061286D-02  0.263648932494D-02 -0.246703399923D-02  0.770017109578D-02
 -0.267813087434D-03 -0.243815251025D-01  0.432805447475D+00  0.628716218000D-02
 -0.837708398789D-04 -0.612120973976D-02 -0.268475995486D-02 -0.142671869810D-01
 -0.137963514643D-01 -0.173575677369D-03 -0.167475918514D-02  0.106872347107D-01
 -0.680511509174D-03 -0.984786377661D-02  0.752332790883D-02  0.251139606899D-03
  0.360877630904D+00 -0.151382349084D+00 -0.279073856098D-01  0.475798346232D+00
 -0.106575554496D+00  0.683847326912D-01  0.447039068369D+00  0.577809045636D-02
 -0.998244607910D-02  0.207263055711D-01 -0.366384181543D-01  0.263378756884D-02
  0.110778312279D+00  0.212049174980D-01  0.299188342535D-02 -0.528412215796D-02
 -0.315968378529D-01 -0.556694861122D-02  0.107223877979D+00 -0.226540656793D-01
  0.103701101670D-01  0.101646952972D+00  0.176679276354D-02 -0.262952343246D-02
  0.750437218828D-02 -0.861883818913D-02 -0.904382030290D-03  0.251167489464D-01
  0.453432958116D-02 -0.371837361879D-03 -0.221725705462D-01  0.431534510331D+00
 -0.529505341347D-02 -0.192385713579D-02  0.109051251229D-02 -0.383174061368D-02
  0.139108338144D-02 -0.622042915855D-02  0.732420885521D-03 -0.343831017214D-03
 -0.117201870519D-02 -0.610078779234D-03 -0.644902768283D-03  0.330475291868D-02
  0.142605645790D-02 -0.135470287902D-02 -0.180520186078D-02 -0.133370860782D-03
  0.367189441349D+00  0.770994034446D-02  0.140200948526D-02  0.441352998163D-03
  0.230857655109D-02 -0.190620327223D-03 -0.171408559750D-01 -0.990961356957D-03
  0.145262242642D-03  0.475397388569D-03  0.343293462334D-02 -0.310491556047D-02
 -0.258991823879D-01 -0.228587231610D-02 -0.271529134621D-02 -0.364595279741D-02
  0.166988594891D-02  0.791774727085D-03  0.869796229923D-01 -0.450134036863D-04
  0.312743720686D-03  0.116050302122D-01 -0.112583297386D-02 -0.606201904695D-03
  0.121730667450D-01 -0.280175186538D-04 -0.150704861387D-03  0.230088610857D-02
 -0.927058167512D-03 -0.355912270396D-03  0.235138524475D-02 -0.111904779792D-03
  0.139831435296D-03 -0.238877515259D-02 -0.643639753002D-03  0.667042531985D-03
 -0.461704449084D-03  0.436898820863D+00  0.219258921147D-01  0.393876160966D-02
 -0.761804709068D-01  0.164714045493D-01 -0.658603304354D-02 -0.706972916439D-01
 -0.134434639241D-02  0.200295974457D-02 -0.666507116846D-02  0.613844049223D-02
  0.185978794035D-02 -0.192844306846D-01 -0.324073870548D-02  0.107230633343D-02
  0.159088268813D-01  0.372196392666D-02  0.178492112200D-03 -0.787983410328D-03
  0.452809241502D-03  0.366882351119D+00 -0.568427845103D-01 -0.696742007610D-02
  0.180826824240D+00 -0.312737765294D-01  0.197469540084D-01  0.148468733409D+00
  0.192806218727D-02 -0.589599396340D-02  0.693000598933D-02 -0.111742855518D-01
  0.171131683076D-03  0.406560047480D-01  0.634768452277D-02 -0.215641215314D-03
 -0.588805354262D-01 -0.727559332591D-02  0.677665941118D-03  0.241696820951D-01
 -0.980092129572D-03  0.484410749775D-02  0.760558801969D-01 -0.450060951060D-02
 -0.678287297905D-02  0.301482615173D-01 -0.114962724502D-02 -0.141350912174D-01
  0.539809001735D-01 -0.780945332711D-02  0.284658179647D-03  0.133365505349D-02
 -0.155048578630D-02 -0.150824022372D-02  0.279753451555D-02  0.229044548379D-02
 -0.196294784929D-02  0.470979649085D-03 -0.442136457343D-03 -0.474516343472D-02
 -0.124546413299D-02  0.135377501331D-02  0.118220374538D-02  0.463031259933D-02
  0.593692498199D-01 -0.429925342573D-02 -0.141608091004D-03  0.121595103649D-01
  0.922492502506D-05  0.641422041034D-02  0.116193056980D-01  0.389906738888D-04
 -0.666787301548D-04 -0.255443310671D-02  0.877618080184D-04  0.203464390353D-02
  0.126171201492D-03 -0.431851216968D-03  0.182838118191D-02 -0.100946999138D-02
 -0.177889858291D-03  0.154649299229D-02  0.656788811384D-03 -0.491036670567D-03
 -0.141720777051D-03 -0.923347132528D-03  0.186659577867D-02  0.426015920672D+00
  0.141213930468D-01  0.173123705009D-02 -0.520824283614D-01  0.775570440132D-02
 -0.854534249488D-02 -0.456536343246D-01 -0.364179782238D-03  0.108994588816D-02
 -0.133110680286D-02  0.294568373094D-02 -0.846539873054D-03 -0.994763593526D-02
 -0.100316454043D-02 -0.112812175138D-02  0.857863645012D-02  0.205211762980D-02
 -0.153566514244D-02 -0.172792539150D-02  0.798089363864D-03 -0.128338793872D-02
  0.238982616891D-02 -0.308116307734D-02  0.274118376744D-02  0.424900869046D+00
 -0.103837757056D-01 -0.163076423427D-02  0.473932146101D-01 -0.896531097179D-02
  0.136968144187D-02  0.430596361325D-01  0.408365159270D-03 -0.103651961088D-02
  0.562286191906D-02 -0.387633351583D-02 -0.154414401090D-02  0.112800733578D-01
  0.160119695591D-02 -0.881543649884D-03 -0.898535834018D-02 -0.238179604851D-02
  0.134022522121D-03  0.115978995545D-02 -0.465331596252D-03  0.175753024406D-02
 -0.255600029857D-02  0.124616210314D-02  0.346016765539D-04  0.788517475275D-03
  0.424420792401D+00  0.893040804368D-02  0.149253647015D-02 -0.218971041694D-01
  0.563901689854D-02 -0.385500225684D-02 -0.206939839099D-01 -0.889177719962D-03
  0.248852810950D-03 -0.676798411408D-03  0.223137793202D-02 -0.603729737086D-03
 -0.376459581853D-02 -0.146378770412D-02 -0.194626319123D-03  0.445554318653D-02
  0.122480119156D-02  0.389518388568D-03 -0.138195809180D-02 -0.809530523603D-04
 -0.681829672738D-03  0.337149010583D-02  0.281773997589D-02 -0.198487934436D-03
 -0.232780898869D-03  0.469243995974D-03  0.329630600730D+00 -0.217221579549D-01
 -0.173235470324D-02  0.353976399721D-01 -0.964286004969D-02  0.227958563297D-01
  0.402836787944D-01  0.186417740553D-02  0.999650656065D-03 -0.116813617664D-01
 -0.201057165147D-02  0.106175150947D-01  0.237488686013D-02  0.214580118152D-02
  0.734039212836D-02 -0.973085777381D-02 -0.122000313809D-02  0.433755371192D-03
 -0.247574430779D-03  0.118833511486D-03 -0.315204456967D-03 -0.480436982051D-02
 -0.515346901656D-02 -0.790922485939D-03  0.745747504555D-03  0.280066693917D-03
  0.555645874280D-03  0.313677185959D+00 -0.106136603093D-01  0.108129368634D-02
  0.638080651222D-01  0.296352991635D-02  0.174625431503D-01  0.744766407287D-01
 -0.205519485428D-02 -0.228593544068D-03 -0.515149671108D-02 -0.177442503663D-03
  0.687622625408D-02 -0.131879649039D-02 -0.318251115294D-02  0.692709954085D-02
 -0.110292708303D-02 -0.135542494117D-02  0.784501922821D-02  0.327289819832D-02
 -0.291612135517D-02 -0.101790757222D-03 -0.495260571535D-02  0.219427080439D-01
 -0.136079071101D-01  0.131839236561D-01 -0.327203343798D-03 -0.537049615158D-03
 -0.314968131669D-02  0.256434671591D+00  0.930881375701D-02  0.321270266764D-02
  0.115347310053D-01 -0.751917281439D-03 -0.115452011675D-01  0.391344363034D-02
  0.122018177023D-02 -0.103996373478D-03  0.129106803154D-01 -0.270383883864D-02
 -0.551297110759D-02  0.206461357208D-02 -0.543192305048D-03 -0.309604998201D-02
 -0.189890501332D-02 -0.158482727704D-02  0.839698958833D-03  0.134861312021D-02
 -0.848821904558D-03  0.141775720713D-02 -0.113944139541D-02 -0.598520535359D-02
  0.170056428582D-02 -0.618525242423D-03 -0.157362826322D-02 -0.547771910293D-03
  0.532690771034D-02  0.408529462954D-02  0.332893952425D+00  0.384372726281D-01
  0.754062083572D-02 -0.106665932409D+00  0.277037708135D-01 -0.160547805253D-01
 -0.110333164988D+00 -0.180599377078D-02  0.202130988967D-02 -0.311431733141D-02
  0.864863874913D-02 -0.139668050584D-02 -0.271299610970D-01 -0.606360534611D-02
 -0.471624966988D-03  0.260318951206D-01  0.505156156254D-02  0.180208247528D-02
  0.612701234604D-03 -0.180153582497D-03 -0.348529771842D-02  0.748983372511D-02
  0.120760437324D-02 -0.193531890677D-02  0.133707211707D-03  0.187423156029D-02
 -0.146748223902D-02  0.507022643337D-02 -0.104698850480D-01  0.103713365682D-03
  0.330200036621D+00 -0.694707486788D+00 -0.113165092149D+00  0.218807808017D+01
 -0.468538501664D+00  0.303567034871D+00  0.191955829731D+01  0.364789139022D-01
 -0.562352358723D-01  0.102634028517D+00 -0.164479292140D+00  0.333570789411D-02
  0.540295276356D+00  0.950797371701D-01  0.100331350418D-01 -0.445098234451D+00
 -0.100312839440D+00  0.157154666167D-02  0.126042274357D-01 -0.103421298990D-01
  0.710505903945D-01 -0.153259834410D+00 -0.959537421179D-03 -0.115573921702D-01
  0.462779212019D-01 -0.426418000372D-01  0.213591338490D-01 -0.427395557451D-01
 -0.612517381315D-01 -0.114537864398D-01  0.105124200637D+00 -0.188986325700D+01
  0.108716957867D-01  0.116959688637D-02 -0.251192574597D-01  0.474210174963D-02
 -0.892582461827D-02 -0.198771604243D-01 -0.388742724559D-03  0.132804418465D-02
  0.495730913875D-02  0.569261359063D-03 -0.377773311801D-02 -0.576631741489D-02
 -0.637888239084D-03 -0.307534698918D-02  0.659919807625D-02  0.620149893715D-03
 -0.641951085316D-03  0.938631563429D-03  0.228977817478D-03 -0.239092700243D-03
 -0.786113900611D-03 -0.117705340607D-02  0.678207952249D-03 -0.589788370242D-03
  0.519494682351D-04 -0.579124579588D-03  0.476005086027D-02  0.254211836384D-02
 -0.630454149250D-03 -0.241688549724D-02  0.213545820618D-01  0.417997985366D+00
 -0.122467236994D+00 -0.290520612867D-01  0.387305919917D+00 -0.834511435537D-01
  0.349740773693D-01  0.404655137285D+00 -0.849624466501D-03 -0.635445463406D-02
  0.210884217076D-01 -0.286224330690D-01 -0.516707113653D-02  0.921612915255D-01
  0.188963433911D-01 -0.493367817424D-02 -0.806519346815D-01 -0.167336944629D-01
 -0.670236637476D-02  0.600339094690D-02  0.131149028244D-03  0.130526578886D-01
 -0.195133423707D-01  0.344718496855D-01  0.120106368168D-02  0.338553390425D-02
 -0.511093758873D-02  0.544620159990D-02 -0.586256582273D-02  0.185356052436D-01
 -0.395030068585D-02  0.180745709840D-01 -0.363138969673D+00  0.421764388516D-02
  0.372309726471D+00  0.561723322828D+00  0.988046245038D-01 -0.170392163590D+01
  0.385129436119D+00 -0.236823086991D+00 -0.171269814584D+01 -0.368008758278D-01
  0.418525184824D-01 -0.852815896613D-01  0.135378965154D+00 -0.125461102974D-02
 -0.414815788786D+00 -0.765289513521D-01 -0.459528725588D-02  0.371149137709D+00
  0.827182767295D-01 -0.834843584977D-03 -0.319198851230D-02  0.935403797837D-02
 -0.577394098186D-01  0.142155083551D+00  0.508529725255D-01  0.100263254084D-01
 -0.417157731493D-01  0.372936291297D-01 -0.159034011810D-01  0.262194483944D-01
  0.593744785839D-01  0.351868685509D-02 -0.834208313220D-01  0.170659071931D+01
 -0.210300180080D-01  0.319101988767D+00 -0.126802497707D+01 -0.789858715216D-01
 -0.151113154148D-01  0.916736774123D-01 -0.329915186477D-01  0.614668528981D-01
  0.999038906490D-01  0.968910536340D-03 -0.121369937291D-02 -0.280924198994D-01
 -0.216937372958D-02  0.133562344447D-01  0.316254341436D-01  0.884827853788D-02
  0.714624759573D-02 -0.213186008236D-01 -0.116998209146D-02 -0.344888562310D-02
 -0.456613271612D-02  0.256794128423D-02  0.383745086109D-03 -0.792512675962D-02
 -0.348614773740D-02 -0.996460202535D-03  0.202388419219D-03  0.270435487106D-02
  0.974856983489D-03 -0.132761908165D-01  0.519538721171D-02  0.146874602707D-01
  0.105800281219D-01 -0.101024547800D+00  0.744091977873D-02 -0.199218097942D-01
  0.699629570993D-01  0.606650469453D+00  0.100506586910D+00  0.223009070689D-01
 -0.300091354179D+00  0.774144605395D-01 -0.265597213986D-01 -0.344295823947D+00
 -0.590965050029D-02  0.855338657490D-02 -0.205907221988D-01  0.275192628266D-01
  0.444342270098D-02 -0.567007331513D-01 -0.167311321989D-01  0.433358631112D-02
  0.628961130885D-01  0.160112212419D-01  0.382620689176D-02 -0.493258340508D-02
  0.157111376380D-03 -0.117361139377D-01  0.358734041461D-01 -0.529141005374D-02
 -0.164597171110D-02 -0.583620437462D-02  0.833694535444D-02 -0.402790579545D-02
  0.495374168934D-02 -0.687758696037D-02  0.509095380412D-02 -0.183458217629D-01
  0.306529031509D+00 -0.290663778509D-02  0.597100107081D-01 -0.229729064786D+00
  0.127620411263D-01  0.390493735226D+00 -0.381853289467D-02  0.535299015588D-03
  0.346606829146D-01 -0.574522756571D-02 -0.446232628555D-02  0.223329879574D-01
  0.601960243882D-03 -0.299124125981D-03  0.893760757829D-02 -0.336685976300D-02
 -0.355929177566D-02  0.936769271297D-02  0.937766119635D-03 -0.276215752975D-02
 -0.485457526504D-02 -0.199785075943D-02 -0.206982625294D-03  0.198795311597D-02
 -0.451663186911D-03  0.147499102631D-02 -0.116671706628D-02 -0.254194475650D-02
  0.697012781198D-03 -0.129156454124D-03 -0.945494189236D-03  0.269198710481D-03
  0.314324076243D-02  0.148080346882D-02 -0.169644871492D-02  0.520707810111D-03
 -0.276950301036D-01 -0.208002870492D-03 -0.223241334400D-02  0.269567692445D-01
  0.885329925141D-02  0.145830684214D-01  0.440630934451D+00  0.111984167571D+00
  0.276297431911D-01 -0.344007268631D+00  0.856922609791D-01 -0.346532244041D-01
 -0.397071508474D+00 -0.504984725051D-02  0.974117569936D-02 -0.243117115367D-01
  0.294802631612D-01  0.773698932107D-02 -0.752154946638D-01 -0.180450484854D-01
  0.539523096463D-02  0.757851149429D-01  0.173907381059D-01  0.283954954301D-02
 -0.572618486227D-02  0.601088548453D-03 -0.135583953441D-01  0.349531153103D-01
 -0.851687499534D-02  0.118217138908D-02 -0.965647043033D-02  0.910104046606D-02
 -0.318575981418D-02  0.156549345407D-02  0.500992505523D-02  0.546299723941D-02
 -0.161309553324D-01  0.351601508769D+00 -0.283014046364D-02  0.666183771210D-01
 -0.260060948533D+00  0.165291881212D-01 -0.168421181504D-01  0.148425507980D-01
  0.384272438513D+00  0.368734944060D+00  0.739976644278D-01 -0.114183277697D+01
  0.233429157967D+00 -0.140104260492D+00 -0.104061950089D+01 -0.155069484253D-01
  0.310124291635D-01 -0.502112186080D-01  0.818828401244D-01  0.676075104258D-02
 -0.248895215508D+00 -0.494713936220D-01  0.967530153941D-03  0.232381189566D+00
  0.497803165807D-01  0.442743852722D-02 -0.634193993307D-02  0.408780987317D-02
 -0.371074939340D-01  0.696528016848D-01 -0.493250114613D-01  0.766011954182D-02
 -0.227511961039D-01  0.191663455764D-01 -0.141650167519D-01  0.183957954122D-01
  0.206413475896D-01  0.110764094834D-01 -0.449067199977D-01  0.991732798764D+00
 -0.212954214369D-02  0.143065011177D+00 -0.929002203925D+00  0.665488760446D-01
 -0.167469929399D+00  0.947633192889D-02 -0.205824807220D+00 -0.311883914828D+00
 -0.525976051710D+00 -0.799949457714D-01  0.166246872621D+01 -0.342093204594D+00
  0.222380736058D+00  0.133487565635D+01  0.248366640442D-01 -0.449530270966D-01
  0.739856713358D-01 -0.121261168040D+00 -0.355972333466D-04  0.410988794414D+00
  0.704871279229D-01  0.366809754984D-02 -0.316962028082D+00 -0.741973215883D-01
 -0.757377559688D-03  0.112957441531D-01 -0.757017995480D-02  0.522649355140D-01
 -0.101028168454D+00  0.219136192938D-01 -0.740147934585D-02  0.291942393597D-01
 -0.290208123722D-01  0.194457359941D-01 -0.322706533964D-01 -0.337206492830D-01
 -0.896474539053D-02  0.801013312246D-01 -0.136870966013D+01  0.866168161791D-02
 -0.250032147419D+00  0.132402244691D+01 -0.737457193243D-01  0.268679046027D+00
 -0.145801956182D-01  0.310599455383D+00  0.669377999908D+00 -0.873582987880D+00
  0.716053441637D-01  0.183170048022D-01 -0.202921124432D+00  0.576309125620D-01
 -0.215782327835D-01 -0.181335660880D+00 -0.650115199347D-02  0.862586714228D-02
 -0.142817623438D-01  0.174494755041D-01  0.946275103469D-02 -0.643480811524D-01
 -0.122742900635D-01  0.763289256177D-02  0.517223774534D-01  0.102494841044D-01
  0.478998508253D-02 -0.394417227406D-04 -0.285053272114D-03 -0.865497083592D-02
  0.980015630999D-02  0.178642363917D-01 -0.377703791731D-02 -0.974839509826D-03
  0.529677763659D-02 -0.239071071309D-02 -0.337291303203D-02 -0.173392877152D-01
  0.309164437999D-02 -0.143312431588D-01  0.195893775474D+00  0.340357058206D-02
  0.645236726132D-01 -0.144532361846D+00  0.150447210999D-01 -0.316298941662D-01
  0.734499053672D-02 -0.376838362089D-01 -0.124070952587D+00  0.159634143544D+00
  0.527536191636D+00 -0.983929553189D-01 -0.432292539558D-02  0.150833500230D+00
 -0.501338739952D-01  0.922048050559D-01  0.734194208977D-01  0.151435057396D-01
 -0.111910585593D-02 -0.281746777814D-01 -0.114855080075D-01  0.243681666875D-01
  0.337664649032D-01  0.109763005221D-01  0.147446878389D-01 -0.307451666018D-01
 -0.677977136661D-02  0.131322123230D-02  0.168546483292D-02  0.538246090077D-03
  0.100603338259D-02 -0.264364310663D-01 -0.688575387823D-01 -0.457477575410D-03
  0.212241026045D-02 -0.101947390982D-02  0.245691520428D-03 -0.174450184423D-01
 -0.121202016468D-01  0.229846559633D-01  0.198966582600D-01 -0.149540152461D+00
  0.132334568983D-01 -0.782366829683D-01  0.853053379391D-01 -0.440403440880D-01
  0.391091005173D-01  0.101570636645D-01  0.359941888067D-01  0.149170266339D+00
 -0.124436576249D+00 -0.266504507321D-02  0.443669789265D+00 -0.121421458765D-01
 -0.867118126864D-03 -0.178753817378D-01 -0.360714058168D-02  0.103803468623D-01
 -0.479484208095D-02 -0.106458191857D-02  0.656684981453D-03 -0.385603499388D-02
  0.311032707968D-02 -0.176735317718D-02  0.567070409863D-02  0.675033070278D-03
 -0.309551461513D-02  0.636337288090D-02  0.177783204051D-02 -0.548040089987D-03
 -0.820559804919D-02  0.959268707955D-03 -0.103479310645D-02 -0.544553652626D-02
 -0.213244430344D-02 -0.440907976117D-03 -0.133717376819D-03  0.164355320229D-02
 -0.134844381013D-02  0.154623337952D-02 -0.704058506287D-03  0.549881520984D-02
 -0.449179542444D-03  0.653731325942D-02  0.341224467932D-02  0.419007268066D-02
 -0.133805137281D-01 -0.142200259955D-01  0.118585846699D-02  0.422836703723D-02
  0.293409012129D-02  0.559097998973D-02  0.593258442208D-03  0.536278857279D-02
  0.119209746921D-02  0.537296350869D+00  0.315668243376D+00  0.631055545172D-01
 -0.945109141785D+00  0.223935763613D+00 -0.136546345092D+00 -0.965349645333D+00
 -0.138515901407D-01  0.235294465648D-01 -0.399325216617D-01  0.714457779615D-01
  0.358754475498D-02 -0.230914886962D+00 -0.444516590124D-01  0.310620362856D-02
  0.203804576851D+00  0.435811175952D-01  0.236445657792D-02 -0.150371302465D-02
  0.314841697946D-02 -0.315180066635D-01  0.763447699048D-01 -0.101907253883D-01
  0.837403455661D-02 -0.257250717360D-01  0.192529059526D-01 -0.806224315427D-02
  0.183859740779D-01  0.378776092591D-01 -0.298283148611D-03 -0.455750696211D-01
  0.912923337556D+00 -0.134125192590D-01  0.159325982077D+00 -0.732373839987D+00
  0.623071650016D-01 -0.105877671224D+00  0.167726345975D-01 -0.124501018439D+00
 -0.482881321866D+00  0.719815640800D+00 -0.944515930172D-01  0.978446653327D-01
  0.901379334289D-02  0.450589665443D-02  0.144871230469D+00  0.134785535835D-01
 -0.446947835383D+00  0.119067983746D+00 -0.101602855536D+00 -0.421396904235D+00
 -0.215351168574D-01  0.917955732538D-02 -0.274791144944D-01  0.410731021647D-01
 -0.469555714284D-02 -0.130461920948D+00 -0.191364515389D-01 -0.430512640004D-02
  0.866196503605D-01  0.256694186501D-01 -0.838317704167D-02  0.857946032388D-02
  0.563659859016D-02 -0.154364801526D-01  0.505257719037D-01  0.888428072921D-01
  0.454431224904D-02 -0.178579589147D-01  0.149293817345D-01  0.139407452109D-02
  0.251652094855D-02  0.488749007857D-01 -0.947642162392D-02 -0.290579524673D-01
  0.494140245693D+00 -0.147735688465D-01  0.170964072027D+00 -0.285001800818D+00
  0.348231474546D-02 -0.550163126153D-01  0.734194126200D-02 -0.660524378297D-01
 -0.394833712685D+00  0.430845464006D+00 -0.179983866568D-01 -0.117031874628D+00
 -0.144924099902D-01 -0.227637946048D+00  0.233196977283D+00 -0.760868886404D-01
 -0.150392163351D-01  0.230394514908D+00 -0.532678495786D-01  0.227855392511D-01
  0.223480481805D+00  0.391543685351D-02 -0.687263320640D-02  0.147877573203D-01
 -0.188125341272D-01 -0.365157466953D-02  0.567835719989D-01  0.114257306692D-01
 -0.305554647792D-02 -0.468440452029D-01 -0.112583390816D-01 -0.214892990936D-02
  0.252706980529D-02 -0.561969103874D-03  0.831227118817D-02 -0.175421490562D-01
 -0.161425302508D-02  0.902401229464D-03  0.328407963568D-02 -0.504838766121D-02
  0.321974232421D-02 -0.213187794957D-02  0.451804215100D-02 -0.309527386689D-02
  0.125601748241D-01 -0.219131248353D+00  0.102647015609D-03 -0.417507705313D-01
  0.178056119054D+00 -0.891371755369D-02  0.344120252955D-01 -0.560127301125D-02
  0.366171330155D-01  0.113222241466D+00 -0.167387636203D+00  0.257202556873D-01
 -0.204480868137D-01 -0.558951454644D-03  0.957314222846D-01  0.510580644488D-01
  0.580064031880D+00 -0.867672142080D-01 -0.174182359137D-01  0.230098680873D+00
 -0.531496923596D-01  0.422023913001D-01  0.233633300942D+00  0.367010230944D-02
 -0.613978215677D-02  0.256150822944D-02 -0.165522204865D-01  0.331146995631D-02
  0.553472080266D-01  0.115521210725D-01  0.290298479767D-02 -0.495129702303D-01
 -0.100135253455D-01 -0.102187482301D-02  0.189599375880D-02 -0.289722758151D-03
  0.730462980696D-02 -0.181918772002D-01  0.282866077448D-03 -0.185568357954D-02
  0.550076720565D-02 -0.383035735862D-02  0.241681424291D-02 -0.675090469074D-02
 -0.601068880274D-02  0.150156108265D-02  0.116124692639D-01 -0.222487073096D+00
  0.303028841682D-02 -0.420639491027D-01  0.175542939909D+00 -0.244963082545D-01
  0.225036319474D-01 -0.302486633160D-02  0.279589506133D-01  0.123209790987D+00
 -0.173579731997D+00  0.204036770718D-01 -0.304780631468D-01 -0.385745464539D-02
  0.943228761865D-01  0.450783282365D-01 -0.219628703425D-01  0.591465538104D+00
  0.177670719651D-02  0.127602901944D-02 -0.904707580426D-02  0.393224555473D-03
  0.435492058619D-02 -0.230752047568D-02 -0.678704941251D-03  0.369234793859D-03
 -0.195605658561D-02  0.157259714296D-02  0.635801639867D-03  0.183534459475D-03
 -0.913756279696D-03  0.544217639429D-03  0.250502749534D-02  0.710283929773D-03
  0.146293555690D-02 -0.550998069798D-02 -0.232123060633D-03 -0.582213105083D-03
 -0.357960926269D-02  0.298960942142D-02 -0.151112130709D-02  0.156066676098D-02
  0.184036183179D-03 -0.101156596577D-02 -0.121442341003D-02 -0.776524706382D-02
  0.152481377432D-02 -0.706905479912D-03  0.775254749265D-02  0.209357549399D-02
  0.338191549349D-02 -0.479333089438D-02 -0.387830843874D-02 -0.710158501558D-02
  0.817867926315D-03 -0.631236704493D-02 -0.112633577062D-02  0.176530021678D-02
 -0.359950104290D-02 -0.181258684275D-02 -0.321083210469D-02 -0.424468292071D-04
  0.174525824431D-02  0.230565036407D-02  0.846877299670D-03  0.614216823608D+00
  0.901970282389D-01  0.178161782262D-01 -0.221110813145D+00  0.569530389192D-01
 -0.386167927876D-01 -0.207610541192D+00 -0.405497732298D-02  0.720992473508D-02
 -0.230693976217D-02  0.160904367794D-01 -0.600611080882D-04 -0.576024782220D-01
 -0.125871768048D-01  0.170985050602D-02  0.454084401743D-01  0.966024538655D-02
  0.333467909757D-02 -0.463616483933D-03 -0.514020833498D-03 -0.700596262687D-02
  0.164795682428D-01  0.301357583706D-02 -0.703648156421D-03 -0.241089493352D-02
  0.333515366501D-02 -0.325427591060D-02  0.627153929088D-02 -0.651115023968D-02
 -0.234797248687D-02 -0.147850453243D-01  0.208402025312D+00 -0.123452118710D-02
  0.446824416171D-01 -0.172702263863D+00  0.280947353362D-01 -0.356896015988D-01
  0.227403748801D-02 -0.388023428527D-01 -0.105958652839D+00  0.154980310120D+00
 -0.265073295024D-01  0.326959221670D-01  0.868569759958D-02 -0.106227028357D+00
 -0.474721069444D-01  0.250878555191D-01  0.258729984762D-01  0.312935980459D-03
  0.570010108074D+00  0.270804830188D-01  0.891861231175D-02 -0.896694363729D-01
  0.248082115492D-01 -0.441278095670D-02 -0.103982821586D+00 -0.210786354037D-02
  0.375948613628D-02 -0.110999089236D-01  0.897384593036D-02  0.657298035408D-02
 -0.197763924671D-01 -0.534545675076D-02  0.412387616421D-02  0.224560458989D-01
  0.510310044472D-02  0.128100822555D-02 -0.169719916769D-02  0.340474966025D-04
 -0.458871172625D-02  0.999774281863D-02 -0.156020228010D-02 -0.669877505121D-03
 -0.251122572324D-02  0.339072925960D-02 -0.469806410750D-03 -0.362945705332D-02
 -0.270376915093D-02  0.371801933886D-02 -0.428591438466D-02  0.901399072885D-01
  0.986488200421D-03  0.264606173305D-01 -0.638257874149D-01  0.272124735289D-02
  0.504623280650D-02  0.721108303477D-02  0.140434275186D-02 -0.684572613254D-01
  0.899527621647D-01 -0.126390787000D-01 -0.110043401238D-02  0.200819532720D-02
 -0.248166734594D-01 -0.518129997395D-02  0.104634810033D-01  0.524922336919D-02
 -0.394298346796D-02 -0.988262675230D-02  0.602569967732D+00 -0.734966917381D-01
 -0.130861751733D-01  0.210164061980D+00 -0.460033397428D-01  0.295051407612D-01
  0.193414637726D+00  0.391666053563D-02 -0.460541255183D-02  0.509006548021D-02
 -0.165434332359D-01  0.384938164055D-02  0.482960655891D-01  0.106441613076D-01
  0.211610199700D-02 -0.429367055661D-01 -0.977714722277D-02 -0.239988683066D-02
  0.645053558688D-02 -0.219009445141D-03  0.645135745130D-02 -0.121951091717D-01
 -0.439633230551D-02  0.897442670260D-03  0.182623928254D-02 -0.342417443393D-02
  0.368826381558D-02 -0.703902250997D-02  0.595292755874D-02  0.180434137970D-03
  0.128736854149D-01 -0.197684190196D+00  0.153684992829D-02 -0.344759297670D-01
  0.162187318385D+00 -0.117115084910D-01  0.388591328834D-01 -0.173127048094D-02
  0.386061142831D-01  0.963380637709D-01 -0.140073692583D+00  0.218189721214D-01
 -0.264919151503D-01  0.389479738600D-02  0.892176325334D-01  0.462913311631D-01
 -0.229365720814D-01 -0.228846852041D-01  0.234355532776D-02  0.228536754482D-01
  0.114183100518D-01  0.568417933353D+00  0.667923857291D-01  0.145942419255D-01
 -0.204102641118D+00  0.496593164986D-01 -0.252420693403D-01 -0.217455782565D+00
 -0.299211088029D-02  0.628299646178D-02 -0.116388263342D-01  0.159932964603D-01
  0.319634678910D-02 -0.505104195507D-01 -0.984193794777D-02  0.197598601854D-02
  0.443161738637D-01  0.974384487681D-02  0.580311440012D-03  0.918188380771D-05
  0.683207973645D-03 -0.750257669951D-02  0.182031956140D-01 -0.282025156904D-02
  0.126649216680D-02 -0.573716045525D-02  0.492412326208D-02 -0.169329249355D-02
  0.252974114219D-02  0.621568521381D-02  0.223484149276D-02 -0.993663546268D-02
  0.200064510704D+00 -0.165129981931D-02  0.395834903684D-01 -0.156286651434D+00
  0.128996434829D-01 -0.158831899706D-01  0.660642463185D-02 -0.197096374504D-01
 -0.112043342900D+00  0.166650289271D+00 -0.192828138885D-01  0.206799306390D-01
  0.424673510131D-02 -0.827675010416D-01 -0.445879404363D-01  0.204586800641D-01
  0.181362592671D-01 -0.899347001840D-03 -0.222195240429D-01 -0.203445150959D-02
  0.199284790850D-01  0.415460476507D+00  0.312139202069D-01  0.443631159507D-02
 -0.113393778030D+00  0.230574160991D-01 -0.988566504774D-02 -0.107328395593D+00
 -0.231273694702D-02  0.160892699210D-02 -0.985763981096D-02  0.972037649177D-02
  0.718273344243D-03 -0.215464948766D-01 -0.458131990963D-02  0.259319575486D-03
  0.234055175919D-01  0.577338867034D-02 -0.602084452639D-04 -0.413563590348D-02
  0.797185702481D-03 -0.386495017740D-02  0.874840091393D-02  0.151355147051D-02
  0.240773683767D-03 -0.223640499105D-02  0.255021957386D-02 -0.100540353878D-02
  0.505146299894D-03  0.264902104080D-02  0.116088792788D-02 -0.468749593771D-02
  0.106226509342D+00 -0.197852158768D-02  0.145976187531D-01 -0.865724624649D-01
 -0.314855127941D-02 -0.185046235322D-01  0.147950683481D-02 -0.193942592996D-01
 -0.525619108818D-01  0.784414573613D-01 -0.119726853418D-01  0.660393037208D-03
 -0.564159806505D-02 -0.442540029487D-01 -0.229743981133D-01  0.127598703250D-01
  0.107358074895D-01 -0.170003812629D-02 -0.994152582046D-02 -0.578083363649D-02
  0.109979411241D-01 -0.110432622023D-01  0.425264449568D+00 -0.613799151590D-03
 -0.862976415200D-03 -0.206337193047D-01  0.247299930300D-02  0.610834451245D-02
 -0.208377469815D-01 -0.618509228256D-03 -0.212662639268D-03 -0.731009288967D-02
  0.288154244000D-02  0.206505530285D-02  0.433254868610D-03 -0.331544167536D-03
  0.134347802112D-02  0.426403516532D-02  0.163066615850D-02 -0.164514052095D-03
 -0.275543594787D-02  0.469996121027D-03 -0.105425766267D-02  0.178410180259D-02
 -0.262175688797D-03 -0.318276172127D-03 -0.311849441518D-03  0.100822227836D-02
 -0.191555325800D-03 -0.201169848742D-02  0.123820038208D-03  0.194052258557D-02
  0.813391956013D-04  0.197137393864D-01 -0.168540904410D-03 -0.677356597569D-03
 -0.155271234092D-01 -0.947083661206D-02 -0.493876203954D-02  0.127293809773D-02
 -0.412541434745D-02 -0.677730648498D-02  0.148083803797D-01 -0.308872671181D-02
 -0.634113912451D-02 -0.480304884974D-02 -0.387287864595D-02 -0.510800193964D-02
  0.335626557498D-02  0.224924508850D-03 -0.156502174757D-02  0.542458415059D-04
 -0.170807816790D-02  0.227087329462D-02 -0.200405143948D-02 -0.141547591855D-02
  0.428978130956D+00  0.760403584321D-01  0.329864487292D-02 -0.227957570635D+00
  0.608862567595D-01 -0.472387425184D-01 -0.218515156854D+00 -0.858295770244D-02
  0.537205882302D-02 -0.119727468341D-01  0.191937998832D-01 -0.341054865444D-02
 -0.645486005467D-01 -0.922075068646D-02 -0.173692973294D-03  0.565268958107D-01
  0.123966635215D-01 -0.330816687778D-02 -0.264406925858D-01  0.260296901545D-02
 -0.702847701385D-02 -0.724020331011D-02  0.477317008754D-01 -0.550695210321D-03
 -0.530308628807D-02  0.675649041586D-02 -0.494847947234D-03  0.507972431401D-02
  0.130166218033D-01 -0.657709590719D-02 -0.197401630294D-01  0.258488566792D+00
 -0.811623187439D-02  0.840314648810D-01 -0.144515392750D+00  0.320552558709D-02
 -0.354225852947D-01  0.503817707075D-02 -0.289997309754D-01 -0.226314945860D+00
  0.224054115322D+00 -0.422053207463D-02 -0.490103613414D-01  0.629576159458D-03
 -0.117787061990D+00  0.899653298106D-01  0.264416674458D-01  0.202922234600D-01
  0.485384983263D-02 -0.283349687276D-01  0.240768666090D-02  0.218240936763D-01
 -0.220559766400D-01 -0.119798930470D-01 -0.278692392638D-02  0.979408903670D-01
  0.100834276117D+00  0.250090767384D-01 -0.320924762557D+00  0.805727174091D-01
 -0.442003966032D-01 -0.367569120022D+00 -0.611620747327D-02  0.628960571350D-02
 -0.181386262380D-01  0.245382743537D-01  0.616961068380D-02 -0.407830023955D-01
 -0.144740590824D-01  0.520174678062D-02  0.355282990341D-01  0.148849425270D-01
  0.240557193292D-02 -0.173788753092D-01  0.163534504265D-02 -0.115161143618D-01
  0.452537228686D-01  0.404399284674D-02  0.412151952589D-03 -0.697757053993D-02
  0.685267287005D-02 -0.110444373217D-02  0.252564063017D-02 -0.333971076659D-03
 -0.180590721926D-03 -0.170050248729D-01  0.346359062960D+00 -0.638387320926D-02
  0.602555125415D-01 -0.245028166384D+00  0.209745676148D-01 -0.270934643484D-01
  0.479535061560D-02 -0.384453777695D-01 -0.150114638344D+00  0.277337898518D+00
 -0.423733827610D-01  0.180502741142D-01  0.249592793351D-02 -0.144528426195D+00
 -0.551802869917D-01  0.328369073897D-01  0.319887522074D-01  0.202169451570D-02
 -0.356729179598D-01 -0.105127956631D-01  0.282689389694D-01 -0.298503107640D-01
 -0.120452372710D-01  0.910305628749D-03 -0.407388749323D-01  0.375562468868D-01
  0.644283830012D-01  0.185481819687D-01 -0.227801972182D+00  0.368742414820D-01
 -0.113255547898D-01 -0.195374331487D+00 -0.836816270493D-03  0.750640439392D-02
 -0.111659305087D-01  0.113326245267D-01  0.997960591534D-02 -0.165289381266D-01
 -0.821429217631D-02  0.639910691154D-02  0.697195369116D-01  0.697852832584D-02
  0.285110231263D-02 -0.385001669540D-01  0.394973969886D-04 -0.691909566192D-02
 -0.217381245539D-01 -0.345791879999D-01  0.484732095531D-03 -0.123486796955D-02
  0.153139860252D-02 -0.330952123021D-02  0.158175801786D-02 -0.803151364883D-02
  0.548641543329D-02 -0.482677476700D-02  0.167185334307D+00  0.380788894129D-02
 -0.579559888588D-02 -0.196758355130D+00  0.222286110913D-01 -0.291923420920D-01
  0.425588681460D-03 -0.397568420416D-01 -0.261195851638D-03  0.931818326803D-01
 -0.335747607614D-01  0.712796487762D-01  0.129204533508D-01 -0.836097245749D-01
 -0.176086849071D+00  0.195018349968D-01  0.236864487703D-01  0.365024267338D-02
 -0.198893811321D-01 -0.179878740761D-01  0.114366192784D-01 -0.225888523421D-01
 -0.520625299537D-02  0.280171937902D-02 -0.646248500370D-01 -0.293983546003D-01
  0.104982239975D+00
$end
